1.000000000000000000e+00 1.399999999999999979e-05
1.000000000000000000e+00 1.800000000000000113e-04
9.986150000000000304e-01 4.710000000000000102e-04
9.969519999999999493e-01 8.279999999999999600e-04
9.946540000000000381e-01 1.333999999999999899e-03
9.923549999999999871e-01 1.853000000000000046e-03
9.898639999999999661e-01 2.426999999999999904e-03
9.869879999999999765e-01 3.099999999999999891e-03
9.836770000000000236e-01 3.887999999999999963e-03
9.801809999999999690e-01 4.728999999999999697e-03
9.760760000000000547e-01 5.725000000000000054e-03
9.719710000000000294e-01 6.726000000000000208e-03
9.671419999999999462e-01 7.903000000000000302e-03
9.623819999999999597e-01 9.060000000000000345e-03
9.578870000000000440e-01 1.014600000000000050e-02
9.522699999999999498e-01 1.149099999999999948e-02
9.464190000000000103e-01 1.287400000000000003e-02
9.399690000000000545e-01 1.437399999999999962e-02
9.348929999999999740e-01 1.553500000000000020e-02
9.278170000000000028e-01 1.712100000000000080e-02
9.210129999999999706e-01 1.860699999999999854e-02
9.146349999999999758e-01 1.996399999999999911e-02
9.073329999999999451e-01 2.147299999999999903e-02
8.987960000000000393e-01 2.318699999999999928e-02
8.909920000000000062e-01 2.470899999999999833e-02
8.835450000000000248e-01 2.611099999999999879e-02
8.752760000000000540e-01 2.760800000000000060e-02
8.673659999999999703e-01 2.898099999999999982e-02
8.586460000000000203e-01 3.042999999999999872e-02
8.483349999999999502e-01 3.206300000000000122e-02
8.391659999999999675e-01 3.345100000000000157e-02
8.303239999999999510e-01 3.474200000000000205e-02
8.207370000000000498e-01 3.610900000000000221e-02
8.115090000000000359e-01 3.741400000000000281e-02
8.015200000000000102e-01 3.885000000000000259e-02
7.899629999999999708e-01 4.060199999999999920e-02
7.793280000000000207e-01 4.236600000000000088e-02
7.696020000000000083e-01 4.411899999999999850e-02
7.585960000000000480e-01 4.625300000000000245e-02
7.485779999999999657e-01 4.831499999999999684e-02
7.372220000000000439e-01 5.076300000000000257e-02
7.269440000000000346e-01 5.304600000000000287e-02
7.147639999999999549e-01 5.578400000000000025e-02
7.024939999999999518e-01 5.850600000000000245e-02
6.920490000000000252e-01 6.073200000000000126e-02
6.797309999999999741e-01 6.317000000000000393e-02
6.691099999999999826e-01 6.503899999999999959e-02
6.565250000000000252e-01 6.689799999999999913e-02
6.431099999999999595e-01 6.846299999999999608e-02
6.329329999999999679e-01 6.939099999999999435e-02
6.193670000000000009e-01 7.031300000000000050e-02
6.065199999999999481e-01 7.089600000000000068e-02
5.953340000000000298e-01 7.120300000000000240e-02
5.822899999999999743e-01 7.136299999999999588e-02
5.710690000000000488e-01 7.135800000000000476e-02
5.578619999999999690e-01 7.122499999999999665e-02
5.466360000000000108e-01 7.103199999999999792e-02
5.333020000000000538e-01 7.072499999999999620e-02
5.193489999999999496e-01 7.031999999999999362e-02
5.086730000000000418e-01 6.995700000000000529e-02
4.947630000000000083e-01 6.942199999999999760e-02
4.813160000000000216e-01 6.884400000000000241e-02
4.702009999999999801e-01 6.832799999999999985e-02
4.567519999999999913e-01 6.766099999999999892e-02
4.457220000000000071e-01 6.708500000000000574e-02
4.323159999999999781e-01 6.635599999999999832e-02
4.186920000000000086e-01 6.559800000000000353e-02
4.080619999999999803e-01 6.500699999999999534e-02
3.945810000000000151e-01 6.427099999999999480e-02
3.840459999999999985e-01 6.371699999999999586e-02
3.707289999999999752e-01 6.305499999999999994e-02
3.576920000000000099e-01 6.246299999999999769e-02
3.471910000000000274e-01 6.203600000000000086e-02
3.343470000000000053e-01 6.158399999999999985e-02
3.215120000000000200e-01 6.122099999999999764e-02
3.114029999999999854e-01 6.099700000000000261e-02
2.988179999999999725e-01 6.079199999999999882e-02
2.889129999999999754e-01 6.068300000000000083e-02
2.766089999999999938e-01 6.060499999999999915e-02
2.644980000000000109e-01 6.058199999999999696e-02
2.549379999999999979e-01 6.059300000000000103e-02
2.431419999999999970e-01 6.063299999999999940e-02
2.315859999999999863e-01 6.069000000000000089e-02
2.223100000000000076e-01 6.074199999999999738e-02
2.112219999999999931e-01 6.080499999999999794e-02
2.022440000000000071e-01 6.083899999999999725e-02
1.915530000000000010e-01 6.080699999999999994e-02
1.808299999999999907e-01 6.063600000000000240e-02
1.726300000000000057e-01 6.038400000000000017e-02
1.623370000000000091e-01 5.989200000000000079e-02
1.544959999999999944e-01 5.937400000000000316e-02
1.446570000000000078e-01 5.853799999999999976e-02
1.353449999999999931e-01 5.755099999999999799e-02
1.278330000000000022e-01 5.661100000000000160e-02
1.190179999999999988e-01 5.534499999999999836e-02
1.102280000000000065e-01 5.390099999999999753e-02
1.036090000000000066e-01 5.269499999999999879e-02
9.534399999999999820e-02 5.104000000000000203e-02
8.915399999999999714e-02 4.968999999999999806e-02
8.143499999999999350e-02 4.786800000000000083e-02
7.423100000000000531e-02 4.602500000000000341e-02
6.853199999999999570e-02 4.446100000000000052e-02
6.189900000000000263e-02 4.251699999999999924e-02
5.666600000000000109e-02 4.087899999999999867e-02
5.061700000000000227e-02 3.886300000000000171e-02
4.475599999999999717e-02 3.676200000000000301e-02
4.041100000000000247e-02 3.510200000000000126e-02
3.516600000000000281e-02 3.295100000000000112e-02
3.032800000000000079e-02 3.080400000000000152e-02
2.669300000000000145e-02 2.905599999999999850e-02
2.247100000000000139e-02 2.685099999999999987e-02
1.935699999999999921e-02 2.506200000000000094e-02
1.576100000000000070e-02 2.278600000000000070e-02
1.257899999999999990e-02 2.050000000000000086e-02
1.022099999999999918e-02 1.858699999999999936e-02
7.697999999999999982e-03 1.623600000000000043e-02
5.866999999999999819e-03 1.425500000000000031e-02
4.000000000000000083e-03 1.184699999999999989e-02
2.413999999999999913e-03 9.284000000000000585e-03
1.495000000000000018e-03 7.375999999999999744e-03
6.030000000000000204e-04 4.823000000000000030e-03
1.279999999999999942e-04 2.393999999999999861e-03
-0.000000000000000000e+00 4.310000000000000137e-04
1.289999999999999914e-04 -1.487999999999999956e-03
6.040000000000000447e-04 -3.755999999999999790e-03
1.495000000000000018e-03 -6.011999999999999983e-03
2.410999999999999949e-03 -7.617999999999999772e-03
3.989000000000000358e-03 -9.667999999999999511e-03
5.845000000000000369e-03 -1.148300000000000015e-02
7.662000000000000408e-03 -1.289399999999999921e-02
1.016700000000000069e-02 -1.447500000000000002e-02
1.250700000000000076e-02 -1.568400000000000002e-02
1.566400000000000084e-02 -1.703999999999999959e-02
1.923199999999999910e-02 -1.829499999999999876e-02
2.232500000000000109e-02 -1.921499999999999944e-02
2.652099999999999944e-02 -2.026899999999999882e-02
3.110900000000000123e-02 -2.124300000000000146e-02
3.495299999999999796e-02 -2.194400000000000170e-02
4.018000000000000044e-02 -2.278000000000000164e-02
4.451299999999999701e-02 -2.339099999999999860e-02
5.036299999999999805e-02 -2.413500000000000020e-02
5.640400000000000275e-02 -2.482699999999999838e-02
6.163099999999999828e-02 -2.538999999999999937e-02
6.826100000000000223e-02 -2.606800000000000089e-02
7.541399999999999493e-02 -2.678499999999999978e-02
8.115899999999999503e-02 -2.735699999999999937e-02
8.887799999999999867e-02 -2.814200000000000035e-02
9.506799999999999973e-02 -2.879200000000000162e-02
1.033319999999999933e-01 -2.970499999999999877e-02
1.116309999999999941e-01 -3.067999999999999894e-02
1.187420000000000003e-01 -3.157299999999999690e-02
1.275580000000000047e-01 -3.275499999999999939e-02
1.350699999999999956e-01 -3.383499999999999702e-02
1.443820000000000103e-01 -3.526399999999999674e-02
1.542209999999999970e-01 -3.688199999999999812e-02
1.620610000000000106e-01 -3.824199999999999822e-02
1.723530000000000062e-01 -4.010099999999999776e-02
1.826180000000000025e-01 -4.199499999999999761e-02
1.912739999999999996e-01 -4.357699999999999768e-02
2.019630000000000036e-01 -4.542800000000000310e-02
2.109389999999999876e-01 -4.680700000000000138e-02
2.221200000000000119e-01 -4.818100000000000160e-02
2.335710000000000008e-01 -4.915900000000000131e-02
2.428530000000000133e-01 -4.963499999999999857e-02
2.546470000000000122e-01 -4.984199999999999742e-02
2.642039999999999944e-01 -4.969500000000000306e-02
2.763120000000000021e-01 -4.913100000000000106e-02
2.886139999999999817e-01 -4.816200000000000342e-02
2.985169999999999768e-01 -4.713200000000000028e-02
3.111010000000000164e-01 -4.555900000000000227e-02
3.237180000000000057e-01 -4.377000000000000335e-02
3.340420000000000056e-01 -4.220999999999999752e-02
3.468829999999999969e-01 -4.022599999999999787e-02
3.573810000000000042e-01 -3.858000000000000318e-02
3.704120000000000190e-01 -3.652899999999999897e-02
3.837189999999999768e-01 -3.444200000000000039e-02
3.942410000000000081e-01 -3.281099999999999989e-02
4.077020000000000088e-01 -3.077399999999999927e-02
4.209959999999999813e-01 -2.883799999999999905e-02
4.318980000000000041e-01 -2.732700000000000060e-02
4.452599999999999891e-01 -2.558900000000000063e-02
4.562470000000000137e-01 -2.426999999999999991e-02
4.696339999999999959e-01 -2.277900000000000064e-02
4.834019999999999984e-01 -2.136199999999999904e-02
4.940599999999999992e-01 -2.032499999999999932e-02
5.078799999999999981e-01 -1.904700000000000143e-02
5.212059999999999471e-01 -1.785600000000000034e-02
5.323320000000000274e-01 -1.688399999999999970e-02
5.455640000000000489e-01 -1.572600000000000040e-02
5.567020000000000302e-01 -1.473900000000000036e-02
5.698039999999999772e-01 -1.354799999999999928e-02
5.834570000000000034e-01 -1.228399999999999978e-02
5.938750000000000417e-01 -1.131000000000000061e-02
6.074509999999999632e-01 -1.004400000000000084e-02
6.203840000000000465e-01 -8.850000000000000228e-03
6.311890000000000001e-01 -7.870999999999999525e-03
6.441249999999999476e-01 -6.729999999999999871e-03
6.569869999999999877e-01 -5.642999999999999579e-03
6.677840000000000442e-01 -4.776999999999999996e-03
6.799929999999999586e-01 -3.857999999999999884e-03
6.906390000000000029e-01 -3.114000000000000015e-03
7.025780000000000358e-01 -2.344999999999999862e-03
7.154690000000000216e-01 -1.593999999999999931e-03
7.268700000000000161e-01 -9.990000000000001049e-04
7.373060000000000169e-01 -5.109999999999999525e-04
7.483880000000000532e-01 -4.899999999999999842e-05
7.585819999999999785e-01 3.249999999999999851e-04
7.693280000000000118e-01 6.719999999999999628e-04
7.814780000000000060e-01 1.008999999999999914e-03
7.918669999999999876e-01 1.258999999999999920e-03
8.014010000000000300e-01 1.466000000000000072e-03
8.114160000000000261e-01 1.675999999999999972e-03
8.206050000000000288e-01 1.871999999999999966e-03
8.302289999999999948e-01 2.086000000000000180e-03
8.390440000000000120e-01 2.292999999999999899e-03
8.482610000000000428e-01 2.520000000000000104e-03
8.585679999999999978e-01 2.782000000000000185e-03
8.673469999999999791e-01 3.007999999999999823e-03
8.752459999999999685e-01 3.209000000000000047e-03
8.835800000000000320e-01 3.412000000000000102e-03
8.910219999999999807e-01 3.579000000000000150e-03
8.988960000000000283e-01 3.733000000000000207e-03
9.072750000000000536e-01 3.848999999999999991e-03
9.148220000000000240e-01 3.908000000000000015e-03
9.210409999999999986e-01 3.928000000000000068e-03
9.280709999999999793e-01 3.911000000000000414e-03
9.337910000000000377e-01 3.863000000000000114e-03
9.405120000000000147e-01 3.761000000000000020e-03
9.466250000000000497e-01 3.619999999999999954e-03
9.517160000000000064e-01 3.465000000000000198e-03
9.571450000000000236e-01 3.258000000000000045e-03
9.627130000000000409e-01 2.995999999999999965e-03
9.674779999999999491e-01 2.730999999999999921e-03
9.714669999999999694e-01 2.480000000000000000e-03
9.756439999999999557e-01 2.186000000000000009e-03
9.798200000000000243e-01 1.861000000000000024e-03
9.833790000000000031e-01 1.559000000000000056e-03
9.867489999999999872e-01 1.252999999999999991e-03
9.896770000000000289e-01 9.690000000000000262e-04
9.922130000000000116e-01 7.119999999999999593e-04
9.948939999999999451e-01 4.270000000000000249e-04
9.968939999999999468e-01 2.059999999999999928e-04
9.985889999999999489e-01 1.299999999999999920e-05
1.000000000000000000e+00 -1.510000000000000112e-04
1.000000000000000000e+00 1.399999999999999979e-05
