1.000000000000000000e+00 6.099999999999999872e-05
1.000000000000000000e+00 3.029999999999999924e-04
9.986150000000000304e-01 6.650000000000000095e-04
9.969519999999999493e-01 1.100000000000000066e-03
9.946540000000000381e-01 1.701000000000000038e-03
9.923549999999999871e-01 2.302999999999999926e-03
9.898639999999999661e-01 2.954000000000000029e-03
9.869879999999999765e-01 3.704999999999999960e-03
9.836770000000000236e-01 4.566999999999999879e-03
9.801809999999999690e-01 5.472000000000000301e-03
9.760760000000000547e-01 6.527999999999999949e-03
9.719710000000000294e-01 7.575000000000000136e-03
9.671419999999999462e-01 8.793000000000000468e-03
9.623819999999999597e-01 9.978000000000000758e-03
9.578870000000000440e-01 1.108199999999999984e-02
9.522699999999999498e-01 1.243799999999999940e-02
9.464190000000000103e-01 1.382399999999999948e-02
9.399690000000000545e-01 1.531800000000000002e-02
9.348929999999999740e-01 1.646800000000000000e-02
9.278170000000000028e-01 1.803099999999999842e-02
9.210129999999999706e-01 1.948799999999999838e-02
9.146349999999999758e-01 2.081399999999999917e-02
9.073329999999999451e-01 2.228000000000000119e-02
8.987960000000000393e-01 2.393500000000000141e-02
8.909920000000000062e-01 2.539699999999999944e-02
8.835450000000000248e-01 2.673299999999999982e-02
8.752760000000000540e-01 2.814900000000000041e-02
8.673659999999999703e-01 2.943499999999999936e-02
8.586460000000000203e-01 3.077699999999999880e-02
8.483349999999999502e-01 3.226600000000000301e-02
8.391659999999999675e-01 3.350600000000000106e-02
8.303239999999999510e-01 3.463499999999999912e-02
8.207370000000000498e-01 3.579999999999999849e-02
8.115090000000000359e-01 3.687900000000000206e-02
8.015200000000000102e-01 3.803200000000000330e-02
7.899629999999999708e-01 3.939600000000000046e-02
7.793280000000000207e-01 4.073800000000000338e-02
7.696020000000000083e-01 4.204999999999999710e-02
7.585960000000000480e-01 4.362300000000000205e-02
7.485779999999999657e-01 4.512399999999999745e-02
7.372220000000000439e-01 4.688300000000000106e-02
7.269440000000000346e-01 4.850399999999999850e-02
7.147639999999999549e-01 5.042300000000000254e-02
7.024939999999999518e-01 5.230499999999999733e-02
6.920490000000000252e-01 5.381999999999999978e-02
6.797309999999999741e-01 5.544799999999999729e-02
6.691099999999999826e-01 5.666299999999999809e-02
6.565250000000000252e-01 5.782500000000000140e-02
6.431099999999999595e-01 5.875199999999999867e-02
6.329329999999999679e-01 5.927500000000000130e-02
6.193670000000000009e-01 5.977400000000000074e-02
6.065199999999999481e-01 6.008700000000000152e-02
5.953340000000000298e-01 6.027099999999999819e-02
5.822899999999999743e-01 6.042999999999999761e-02
5.710690000000000488e-01 6.055300000000000266e-02
5.578619999999999690e-01 6.073400000000000326e-02
5.466360000000000108e-01 6.095300000000000024e-02
5.333020000000000538e-01 6.129500000000000226e-02
5.193489999999999496e-01 6.173000000000000015e-02
5.086730000000000418e-01 6.210299999999999848e-02
4.947630000000000083e-01 6.262600000000000111e-02
4.813160000000000216e-01 6.314999999999999780e-02
4.702009999999999801e-01 6.358800000000000563e-02
4.567519999999999913e-01 6.410399999999999432e-02
4.457220000000000071e-01 6.450699999999999490e-02
4.323159999999999781e-01 6.495399999999999785e-02
4.186920000000000086e-01 6.534700000000000231e-02
4.080619999999999803e-01 6.559700000000000253e-02
3.945810000000000151e-01 6.582899999999999863e-02
3.840459999999999985e-01 6.593200000000000449e-02
3.707289999999999752e-01 6.594800000000000662e-02
3.576920000000000099e-01 6.582200000000000550e-02
3.471910000000000274e-01 6.560699999999999865e-02
3.343470000000000053e-01 6.518899999999999695e-02
3.215120000000000200e-01 6.459199999999999664e-02
3.114029999999999854e-01 6.401199999999999946e-02
2.988179999999999725e-01 6.318799999999999417e-02
2.889129999999999754e-01 6.248200000000000282e-02
2.766089999999999938e-01 6.155900000000000261e-02
2.644980000000000109e-01 6.062700000000000033e-02
2.549379999999999979e-01 5.988700000000000273e-02
2.431419999999999970e-01 5.897999999999999771e-02
2.315859999999999863e-01 5.810900000000000093e-02
2.223100000000000076e-01 5.742400000000000282e-02
2.112219999999999931e-01 5.662699999999999678e-02
2.022440000000000071e-01 5.599099999999999910e-02
1.915530000000000010e-01 5.522200000000000025e-02
1.808299999999999907e-01 5.441300000000000303e-02
1.726300000000000057e-01 5.375699999999999923e-02
1.623370000000000091e-01 5.287200000000000233e-02
1.544959999999999944e-01 5.214599999999999791e-02
1.446570000000000078e-01 5.116300000000000014e-02
1.353449999999999931e-01 5.015399999999999719e-02
1.278330000000000022e-01 4.927700000000000136e-02
1.190179999999999988e-01 4.817400000000000154e-02
1.102280000000000065e-01 4.698499999999999899e-02
1.036090000000000066e-01 4.602699999999999847e-02
9.534399999999999820e-02 4.474600000000000105e-02
8.915399999999999714e-02 4.372000000000000192e-02
8.143499999999999350e-02 4.234999999999999876e-02
7.423100000000000531e-02 4.097300000000000247e-02
6.853199999999999570e-02 3.980399999999999910e-02
6.189900000000000263e-02 3.834599999999999814e-02
5.666600000000000109e-02 3.710900000000000309e-02
5.061700000000000227e-02 3.557300000000000045e-02
4.475599999999999717e-02 3.395100000000000201e-02
4.041100000000000247e-02 3.265200000000000047e-02
3.516600000000000281e-02 3.094099999999999975e-02
3.032800000000000079e-02 2.920100000000000126e-02
2.669300000000000145e-02 2.775700000000000042e-02
2.247100000000000139e-02 2.589999999999999941e-02
1.935699999999999921e-02 2.436299999999999924e-02
1.576100000000000070e-02 2.236700000000000146e-02
1.257899999999999990e-02 2.031499999999999972e-02
1.022099999999999918e-02 1.856500000000000164e-02
7.697999999999999982e-03 1.636900000000000160e-02
5.866999999999999819e-03 1.448400000000000035e-02
4.000000000000000083e-03 1.214600000000000055e-02
2.413999999999999913e-03 9.603999999999999690e-03
1.495000000000000018e-03 7.672000000000000000e-03
6.030000000000000204e-04 5.035999999999999678e-03
1.279999999999999942e-04 2.461000000000000080e-03
-0.000000000000000000e+00 3.310000000000000225e-04
1.289999999999999914e-04 -1.804000000000000048e-03
6.040000000000000447e-04 -4.401999999999999663e-03
1.495000000000000018e-03 -7.082999999999999886e-03
2.410999999999999949e-03 -9.062999999999999876e-03
3.989000000000000358e-03 -1.169100000000000000e-02
5.845000000000000369e-03 -1.413500000000000000e-02
7.662000000000000408e-03 -1.612799999999999997e-02
1.016700000000000069e-02 -1.847599999999999937e-02
1.250700000000000076e-02 -2.037200000000000122e-02
1.566400000000000084e-02 -2.261799999999999922e-02
1.923199999999999910e-02 -2.483099999999999891e-02
2.232500000000000109e-02 -2.654799999999999868e-02
2.652099999999999944e-02 -2.863399999999999973e-02
3.110900000000000123e-02 -3.067200000000000135e-02
3.495299999999999796e-02 -3.221700000000000258e-02
4.018000000000000044e-02 -3.413100000000000162e-02
4.451299999999999701e-02 -3.557400000000000145e-02
5.036299999999999805e-02 -3.735700000000000132e-02
5.640400000000000275e-02 -3.902100000000000013e-02
6.163099999999999828e-02 -4.034000000000000086e-02
6.826100000000000223e-02 -4.186600000000000044e-02
7.541399999999999493e-02 -4.335599999999999871e-02
8.115899999999999503e-02 -4.444300000000000334e-02
8.887799999999999867e-02 -4.576899999999999719e-02
9.506799999999999973e-02 -4.672500000000000264e-02
1.033319999999999933e-01 -4.786800000000000083e-02
1.116309999999999941e-01 -4.886800000000000171e-02
1.187420000000000003e-01 -4.961200000000000332e-02
1.275580000000000047e-01 -5.039400000000000129e-02
1.350699999999999956e-01 -5.094300000000000217e-02
1.443820000000000103e-01 -5.147399999999999892e-02
1.542209999999999970e-01 -5.186600000000000238e-02
1.620610000000000106e-01 -5.205499999999999711e-02
1.723530000000000062e-01 -5.215000000000000191e-02
1.826180000000000025e-01 -5.208100000000000229e-02
1.912739999999999996e-01 -5.191400000000000181e-02
2.019630000000000036e-01 -5.159799999999999803e-02
2.109389999999999876e-01 -5.127299999999999913e-02
2.221200000000000119e-01 -5.084199999999999831e-02
2.335710000000000008e-01 -5.039899999999999936e-02
2.428530000000000133e-01 -5.004900000000000321e-02
2.546470000000000122e-01 -4.963100000000000150e-02
2.642039999999999944e-01 -4.932299999999999879e-02
2.763120000000000021e-01 -4.898700000000000276e-02
2.886139999999999817e-01 -4.871899999999999842e-02
2.985169999999999768e-01 -4.856699999999999906e-02
3.111010000000000164e-01 -4.845599999999999907e-02
3.237180000000000057e-01 -4.844799999999999801e-02
3.340420000000000056e-01 -4.851300000000000057e-02
3.468829999999999969e-01 -4.867500000000000299e-02
3.573810000000000042e-01 -4.884600000000000053e-02
3.704120000000000190e-01 -4.907299999999999857e-02
3.837189999999999768e-01 -4.927700000000000136e-02
3.942410000000000081e-01 -4.939000000000000334e-02
4.077020000000000088e-01 -4.943800000000000278e-02
4.209959999999999813e-01 -4.934000000000000191e-02
4.318980000000000041e-01 -4.912600000000000300e-02
4.452599999999999891e-01 -4.866399999999999892e-02
4.562470000000000137e-01 -4.810699999999999699e-02
4.696339999999999959e-01 -4.722400000000000209e-02
4.834019999999999984e-01 -4.612000000000000127e-02
4.940599999999999992e-01 -4.514399999999999663e-02
5.078799999999999981e-01 -4.375899999999999929e-02
5.212059999999999471e-01 -4.231800000000000145e-02
5.323320000000000274e-01 -4.106400000000000328e-02
5.455640000000000489e-01 -3.953199999999999770e-02
5.567020000000000302e-01 -3.823399999999999715e-02
5.698039999999999772e-01 -3.670299999999999951e-02
5.834570000000000034e-01 -3.509500000000000119e-02
5.938750000000000417e-01 -3.384199999999999708e-02
6.074509999999999632e-01 -3.216000000000000109e-02
6.203840000000000465e-01 -3.048599999999999921e-02
6.311890000000000001e-01 -2.902100000000000166e-02
6.441249999999999476e-01 -2.716899999999999871e-02
6.569869999999999877e-01 -2.520700000000000024e-02
6.677840000000000442e-01 -2.345699999999999869e-02
6.799929999999999586e-01 -2.136100000000000151e-02
6.906390000000000029e-01 -1.945900000000000060e-02
7.025780000000000358e-01 -1.727700000000000069e-02
7.154690000000000216e-01 -1.490600000000000085e-02
7.268700000000000161e-01 -1.282699999999999986e-02
7.373060000000000169e-01 -1.096500000000000079e-02
7.483880000000000532e-01 -9.050000000000000752e-03
7.585819999999999785e-01 -7.360000000000000223e-03
7.693280000000000118e-01 -5.663999999999999764e-03
7.814780000000000060e-01 -3.863000000000000114e-03
7.918669999999999876e-01 -2.426000000000000205e-03
8.014010000000000300e-01 -1.196999999999999930e-03
8.114160000000000261e-01 -3.999999999999999819e-06
8.206050000000000288e-01 9.970000000000000563e-04
8.302289999999999948e-01 1.946999999999999946e-03
8.390440000000000120e-01 2.727999999999999956e-03
8.482610000000000428e-01 3.454000000000000039e-03
8.585679999999999978e-01 4.155999999999999972e-03
8.673469999999999791e-01 4.662999999999999610e-03
8.752459999999999685e-01 5.047000000000000271e-03
8.835800000000000320e-01 5.376999999999999835e-03
8.910219999999999807e-01 5.603999999999999607e-03
8.988960000000000283e-01 5.773000000000000353e-03
9.072750000000000536e-01 5.854999999999999961e-03
9.148220000000000240e-01 5.845999999999999634e-03
9.210409999999999986e-01 5.786000000000000344e-03
9.280709999999999793e-01 5.655000000000000304e-03
9.337910000000000377e-01 5.498000000000000283e-03
9.405120000000000147e-01 5.255000000000000122e-03
9.466250000000000497e-01 4.974000000000000123e-03
9.517160000000000064e-01 4.695999999999999654e-03
9.571450000000000236e-01 4.351999999999999966e-03
9.627130000000000409e-01 3.946999999999999988e-03
9.674779999999999491e-01 3.556999999999999832e-03
9.714669999999999694e-01 3.200000000000000153e-03
9.756439999999999557e-01 2.795000000000000175e-03
9.798200000000000243e-01 2.360000000000000119e-03
9.833790000000000031e-01 1.962999999999999901e-03
9.867489999999999872e-01 1.567999999999999949e-03
9.896770000000000289e-01 1.208000000000000089e-03
9.922130000000000116e-01 8.840000000000000201e-04
9.948939999999999451e-01 5.289999999999999564e-04
9.968939999999999468e-01 2.559999999999999884e-04
9.985889999999999489e-01 2.000000000000000164e-05
1.000000000000000000e+00 -1.810000000000000085e-04
1.000000000000000000e+00 6.099999999999999872e-05
