1.000000000000000000e+00 5.099999999999999960e-05
1.000000000000000000e+00 2.460000000000000164e-04
9.986150000000000304e-01 5.869999999999999567e-04
9.969519999999999493e-01 1.000000000000000021e-03
9.946540000000000381e-01 1.574000000000000095e-03
9.923549999999999871e-01 2.151999999999999833e-03
9.898639999999999661e-01 2.782000000000000185e-03
9.869879999999999765e-01 3.511999999999999931e-03
9.836770000000000236e-01 4.355000000000000364e-03
9.801809999999999690e-01 5.244000000000000397e-03
9.760760000000000547e-01 6.283999999999999655e-03
9.719710000000000294e-01 7.318999999999999985e-03
9.671419999999999462e-01 8.524999999999999592e-03
9.623819999999999597e-01 9.700999999999999554e-03
9.578870000000000440e-01 1.079600000000000004e-02
9.522699999999999498e-01 1.214299999999999928e-02
9.464190000000000103e-01 1.351899999999999977e-02
9.399690000000000545e-01 1.500100000000000044e-02
9.348929999999999740e-01 1.614000000000000157e-02
9.278170000000000028e-01 1.768499999999999933e-02
9.210129999999999706e-01 1.912399999999999864e-02
9.146349999999999758e-01 2.042800000000000171e-02
9.073329999999999451e-01 2.186700000000000102e-02
8.987960000000000393e-01 2.348499999999999893e-02
8.909920000000000062e-01 2.490699999999999859e-02
8.835450000000000248e-01 2.620300000000000060e-02
8.752760000000000540e-01 2.757099999999999829e-02
8.673659999999999703e-01 2.881099999999999980e-02
8.586460000000000203e-01 3.010200000000000028e-02
8.483349999999999502e-01 3.153299999999999853e-02
8.391659999999999675e-01 3.273100000000000315e-02
8.303239999999999510e-01 3.383099999999999996e-02
8.207370000000000498e-01 3.498699999999999727e-02
8.115090000000000359e-01 3.608800000000000202e-02
8.015200000000000102e-01 3.731000000000000288e-02
7.899629999999999708e-01 3.883500000000000146e-02
7.793280000000000207e-01 4.042099999999999860e-02
7.696020000000000083e-01 4.203799999999999898e-02
7.585960000000000480e-01 4.404299999999999882e-02
7.485779999999999657e-01 4.600499999999999728e-02
7.372220000000000439e-01 4.834900000000000309e-02
7.269440000000000346e-01 5.053699999999999859e-02
7.147639999999999549e-01 5.314499999999999780e-02
7.024939999999999518e-01 5.570200000000000151e-02
6.920490000000000252e-01 5.774300000000000266e-02
6.797309999999999741e-01 5.988999999999999879e-02
6.691099999999999826e-01 6.142899999999999749e-02
6.565250000000000252e-01 6.279500000000000359e-02
6.431099999999999595e-01 6.377700000000000036e-02
6.329329999999999679e-01 6.428799999999999792e-02
6.193670000000000009e-01 6.477600000000000025e-02
6.065199999999999481e-01 6.516700000000000270e-02
5.953340000000000298e-01 6.555400000000000116e-02
5.822899999999999743e-01 6.618400000000000671e-02
5.710690000000000488e-01 6.697999999999999787e-02
5.578619999999999690e-01 6.834500000000000297e-02
5.466360000000000108e-01 6.995800000000000629e-02
5.333020000000000538e-01 7.235999999999999377e-02
5.193489999999999496e-01 7.528300000000000269e-02
5.086730000000000418e-01 7.769600000000000117e-02
4.947630000000000083e-01 8.093100000000000294e-02
4.813160000000000216e-01 8.400499999999999634e-02
4.702009999999999801e-01 8.639800000000000257e-02
4.567519999999999913e-01 8.897900000000000253e-02
4.457220000000000071e-01 9.074000000000000121e-02
4.323159999999999781e-01 9.234199999999999353e-02
4.186920000000000086e-01 9.340299999999999991e-02
4.080619999999999803e-01 9.388399999999999523e-02
3.945810000000000151e-01 9.412199999999999733e-02
3.840459999999999985e-01 9.406299999999999384e-02
3.707289999999999752e-01 9.374399999999999400e-02
3.576920000000000099e-01 9.323199999999999543e-02
3.471910000000000274e-01 9.272299999999999986e-02
3.343470000000000053e-01 9.203999999999999682e-02
3.215120000000000200e-01 9.133600000000000052e-02
3.114029999999999854e-01 9.074500000000000621e-02
2.988179999999999725e-01 8.991000000000000381e-02
2.889129999999999754e-01 8.914199999999999902e-02
2.766089999999999938e-01 8.801100000000000589e-02
2.644980000000000109e-01 8.666699999999999404e-02
2.549379999999999979e-01 8.542199999999999793e-02
2.431419999999999970e-01 8.364299999999999513e-02
2.315859999999999863e-01 8.162300000000000111e-02
2.223100000000000076e-01 7.979600000000000581e-02
2.112219999999999931e-01 7.736500000000000321e-02
2.022440000000000071e-01 7.520899999999999808e-02
1.915530000000000010e-01 7.248200000000000476e-02
1.808299999999999907e-01 6.963600000000000345e-02
1.726300000000000057e-01 6.741700000000000470e-02
1.623370000000000091e-01 6.460699999999999776e-02
1.544959999999999944e-01 6.245900000000000063e-02
1.446570000000000078e-01 5.976499999999999868e-02
1.353449999999999931e-01 5.722200000000000203e-02
1.278330000000000022e-01 5.517400000000000082e-02
1.190179999999999988e-01 5.277500000000000246e-02
1.102280000000000065e-01 5.037799999999999917e-02
1.036090000000000066e-01 4.856800000000000006e-02
9.534399999999999820e-02 4.629099999999999882e-02
8.915399999999999714e-02 4.456999999999999851e-02
8.143499999999999350e-02 4.239099999999999813e-02
7.423100000000000531e-02 4.032000000000000167e-02
6.853199999999999570e-02 3.864399999999999780e-02
6.189900000000000263e-02 3.664499999999999702e-02
5.666600000000000109e-02 3.501900000000000152e-02
5.061700000000000227e-02 3.307600000000000123e-02
4.475599999999999717e-02 3.110699999999999923e-02
4.041100000000000247e-02 2.958600000000000119e-02
3.516600000000000281e-02 2.765099999999999850e-02
3.032800000000000079e-02 2.575300000000000158e-02
2.669300000000000145e-02 2.422699999999999854e-02
2.247100000000000139e-02 2.232599999999999862e-02
1.935699999999999921e-02 2.079900000000000151e-02
1.576100000000000070e-02 1.887399999999999842e-02
1.257899999999999990e-02 1.695500000000000132e-02
1.022099999999999918e-02 1.536000000000000039e-02
7.697999999999999982e-03 1.340799999999999978e-02
5.866999999999999819e-03 1.176999999999999921e-02
4.000000000000000083e-03 9.778999999999999498e-03
2.413999999999999913e-03 7.655999999999999611e-03
1.495000000000000018e-03 6.065000000000000079e-03
6.030000000000000204e-04 3.917999999999999608e-03
1.279999999999999942e-04 1.840000000000000056e-03
-0.000000000000000000e+00 1.269999999999999970e-04
1.289999999999999914e-04 -1.588999999999999918e-03
6.040000000000000447e-04 -3.681999999999999943e-03
1.495000000000000018e-03 -5.856000000000000094e-03
2.410999999999999949e-03 -7.476000000000000006e-03
3.989000000000000358e-03 -9.650999999999999857e-03
5.845000000000000369e-03 -1.170400000000000086e-02
7.662000000000000408e-03 -1.340399999999999925e-02
1.016700000000000069e-02 -1.544000000000000060e-02
1.250700000000000076e-02 -1.711100000000000121e-02
1.566400000000000084e-02 -1.912600000000000064e-02
1.923199999999999910e-02 -2.114999999999999866e-02
2.232500000000000109e-02 -2.274599999999999886e-02
2.652099999999999944e-02 -2.471599999999999839e-02
3.110900000000000123e-02 -2.667500000000000079e-02
3.495299999999999796e-02 -2.818199999999999872e-02
4.018000000000000044e-02 -3.007299999999999904e-02
4.451299999999999701e-02 -3.151700000000000335e-02
5.036299999999999805e-02 -3.332199999999999745e-02
5.640400000000000275e-02 -3.502600000000000158e-02
6.163099999999999828e-02 -3.638999999999999874e-02
6.826100000000000223e-02 -3.798300000000000287e-02
7.541399999999999493e-02 -3.955299999999999788e-02
8.115899999999999503e-02 -4.070800000000000113e-02
8.887799999999999867e-02 -4.212899999999999978e-02
9.506799999999999973e-02 -4.316400000000000098e-02
1.033319999999999933e-01 -4.441500000000000309e-02
1.116309999999999941e-01 -4.552699999999999803e-02
1.187420000000000003e-01 -4.637100000000000249e-02
1.275580000000000047e-01 -4.728500000000000064e-02
1.350699999999999956e-01 -4.795399999999999663e-02
1.443820000000000103e-01 -4.865200000000000080e-02
1.542209999999999970e-01 -4.924699999999999911e-02
1.620610000000000106e-01 -4.962400000000000144e-02
1.723530000000000062e-01 -5.001099999999999990e-02
1.826180000000000025e-01 -5.029900000000000343e-02
1.912739999999999996e-01 -5.049200000000000216e-02
2.019630000000000036e-01 -5.070999999999999813e-02
2.109389999999999876e-01 -5.091400000000000092e-02
2.221200000000000119e-01 -5.124800000000000189e-02
2.335710000000000008e-01 -5.169200000000000184e-02
2.428530000000000133e-01 -5.211500000000000160e-02
2.546470000000000122e-01 -5.271599999999999897e-02
2.642039999999999944e-01 -5.323300000000000254e-02
2.763120000000000021e-01 -5.389200000000000240e-02
2.886139999999999817e-01 -5.450699999999999990e-02
2.985169999999999768e-01 -5.491800000000000154e-02
3.111010000000000164e-01 -5.525499999999999856e-02
3.237180000000000057e-01 -5.530499999999999999e-02
3.340420000000000056e-01 -5.505999999999999783e-02
3.468829999999999969e-01 -5.435299999999999854e-02
3.573810000000000042e-01 -5.346999999999999670e-02
3.704120000000000190e-01 -5.205400000000000305e-02
3.837189999999999768e-01 -5.030300000000000049e-02
3.942410000000000081e-01 -4.875299999999999773e-02
4.077020000000000088e-01 -4.662399999999999878e-02
4.209959999999999813e-01 -4.443600000000000327e-02
4.318980000000000041e-01 -4.264099999999999835e-02
4.452599999999999891e-01 -4.050900000000000334e-02
4.562470000000000137e-01 -3.886099999999999971e-02
4.696339999999999959e-01 -3.695899999999999880e-02
4.834019999999999984e-01 -3.509500000000000119e-02
4.940599999999999992e-01 -3.368600000000000066e-02
5.078799999999999981e-01 -3.187999999999999862e-02
5.212059999999999471e-01 -3.011799999999999894e-02
5.323320000000000274e-01 -2.861100000000000101e-02
5.455640000000000489e-01 -2.673599999999999935e-02
5.567020000000000302e-01 -2.506600000000000147e-02
5.698039999999999772e-01 -2.297300000000000036e-02
5.834570000000000034e-01 -2.068499999999999853e-02
5.938750000000000417e-01 -1.889199999999999907e-02
6.074509999999999632e-01 -1.653800000000000062e-02
6.203840000000000465e-01 -1.431299999999999933e-02
6.311890000000000001e-01 -1.250099999999999996e-02
6.441249999999999476e-01 -1.042299999999999997e-02
6.569869999999999877e-01 -8.496000000000000080e-03
6.677840000000000442e-01 -7.019000000000000065e-03
6.799929999999999586e-01 -5.525999999999999662e-03
6.906390000000000029e-01 -4.370999999999999885e-03
7.025780000000000358e-01 -3.219000000000000073e-03
7.154690000000000216e-01 -2.122999999999999887e-03
7.268700000000000161e-01 -1.258000000000000004e-03
7.373060000000000169e-01 -5.379999999999999583e-04
7.483880000000000532e-01 1.689999999999999879e-04
7.585819999999999785e-01 7.770000000000000214e-04
7.693280000000000118e-01 1.389000000000000044e-03
7.814780000000000060e-01 2.056999999999999801e-03
7.918669999999999876e-01 2.621000000000000066e-03
8.014010000000000300e-01 3.132999999999999934e-03
8.114160000000000261e-01 3.655999999999999962e-03
8.206050000000000288e-01 4.113999999999999602e-03
8.302289999999999948e-01 4.565999999999999746e-03
8.390440000000000120e-01 4.947000000000000008e-03
8.482610000000000428e-01 5.309999999999999616e-03
8.585679999999999978e-01 5.663999999999999764e-03
8.673469999999999791e-01 5.918999999999999782e-03
8.752459999999999685e-01 6.106999999999999582e-03
8.835800000000000320e-01 6.259999999999999939e-03
8.910219999999999807e-01 6.352000000000000007e-03
8.988960000000000283e-01 6.398000000000000041e-03
9.072750000000000536e-01 6.372000000000000060e-03
9.148220000000000240e-01 6.282000000000000257e-03
9.210409999999999986e-01 6.164000000000000208e-03
9.280709999999999793e-01 5.977999999999999807e-03
9.337910000000000377e-01 5.782999999999999946e-03
9.405120000000000147e-01 5.499999999999999681e-03
9.466250000000000497e-01 5.189000000000000036e-03
9.517160000000000064e-01 4.887999999999999984e-03
9.571450000000000236e-01 4.521999999999999978e-03
9.627130000000000409e-01 4.096999999999999947e-03
9.674779999999999491e-01 3.690999999999999837e-03
9.714669999999999694e-01 3.321000000000000167e-03
9.756439999999999557e-01 2.903000000000000198e-03
9.798200000000000243e-01 2.455999999999999850e-03
9.833790000000000031e-01 2.049000000000000040e-03
9.867489999999999872e-01 1.644000000000000062e-03
9.896770000000000289e-01 1.275000000000000092e-03
9.922130000000000116e-01 9.439999999999999607e-04
9.948939999999999451e-01 5.810000000000000277e-04
9.968939999999999468e-01 3.020000000000000223e-04
9.985889999999999489e-01 6.000000000000000152e-05
1.000000000000000000e+00 -1.450000000000000009e-04
1.000000000000000000e+00 5.099999999999999960e-05
