1.000000000000000000e+00 5.000000000000000240e-05
1.000000000000000000e+00 2.410000000000000033e-04
9.986150000000000304e-01 5.789999999999999791e-04
9.969519999999999493e-01 9.890000000000000787e-04
9.946540000000000381e-01 1.559000000000000056e-03
9.923549999999999871e-01 2.134000000000000046e-03
9.898639999999999661e-01 2.759000000000000168e-03
9.869879999999999765e-01 3.482999999999999985e-03
9.836770000000000236e-01 4.317999999999999790e-03
9.801809999999999690e-01 5.198000000000000363e-03
9.760760000000000547e-01 6.224999999999999631e-03
9.719710000000000294e-01 7.245999999999999837e-03
9.671419999999999462e-01 8.432000000000000259e-03
9.623819999999999597e-01 9.584999999999999770e-03
9.578870000000000440e-01 1.065699999999999981e-02
9.522699999999999498e-01 1.196999999999999974e-02
9.464190000000000103e-01 1.330600000000000012e-02
9.399690000000000545e-01 1.473799999999999936e-02
9.348929999999999740e-01 1.583299999999999985e-02
9.278170000000000028e-01 1.731100000000000000e-02
9.210129999999999706e-01 1.867699999999999916e-02
9.146349999999999758e-01 1.990700000000000108e-02
9.073329999999999451e-01 2.125300000000000106e-02
8.987960000000000393e-01 2.275200000000000139e-02
8.909920000000000062e-01 2.405699999999999852e-02
8.835450000000000248e-01 2.523200000000000096e-02
8.752760000000000540e-01 2.645899999999999988e-02
8.673659999999999703e-01 2.755499999999999963e-02
8.586460000000000203e-01 2.868300000000000016e-02
8.483349999999999502e-01 2.991600000000000162e-02
8.391659999999999675e-01 3.093699999999999922e-02
8.303239999999999510e-01 3.187299999999999855e-02
8.207370000000000498e-01 3.286300000000000332e-02
8.115090000000000359e-01 3.382700000000000290e-02
8.015200000000000102e-01 3.493700000000000278e-02
7.899629999999999708e-01 3.640199999999999686e-02
7.793280000000000207e-01 3.801899999999999724e-02
7.696020000000000083e-01 3.973999999999999755e-02
7.585960000000000480e-01 4.194099999999999911e-02
7.485779999999999657e-01 4.414300000000000168e-02
7.372220000000000439e-01 4.681699999999999751e-02
7.269440000000000346e-01 4.933699999999999891e-02
7.147639999999999549e-01 5.235499999999999876e-02
7.024939999999999518e-01 5.530399999999999899e-02
6.920490000000000252e-01 5.763100000000000167e-02
6.797309999999999741e-01 6.001700000000000090e-02
6.691099999999999826e-01 6.164300000000000335e-02
6.565250000000000252e-01 6.293400000000000383e-02
6.431099999999999595e-01 6.364799999999999625e-02
6.329329999999999679e-01 6.385299999999999310e-02
6.193670000000000009e-01 6.383999999999999397e-02
6.065199999999999481e-01 6.370099999999999374e-02
5.953340000000000298e-01 6.361799999999999400e-02
5.822899999999999743e-01 6.373399999999999899e-02
5.710690000000000488e-01 6.415099999999999969e-02
5.578619999999999690e-01 6.518699999999999495e-02
5.466360000000000108e-01 6.665100000000000191e-02
5.333020000000000538e-01 6.902999999999999414e-02
5.193489999999999496e-01 7.208599999999999730e-02
5.086730000000000418e-01 7.469000000000000639e-02
4.947630000000000083e-01 7.826900000000000523e-02
4.813160000000000216e-01 8.175399999999999334e-02
4.702009999999999801e-01 8.452600000000000391e-02
4.567519999999999913e-01 8.759200000000000319e-02
4.457220000000000071e-01 8.975600000000000245e-02
4.323159999999999781e-01 9.183700000000000196e-02
4.186920000000000086e-01 9.335599999999999454e-02
4.080619999999999803e-01 9.416800000000000170e-02
3.945810000000000151e-01 9.478499999999999426e-02
3.840459999999999985e-01 9.498499999999999999e-02
3.707289999999999752e-01 9.493600000000000649e-02
3.576920000000000099e-01 9.461799999999999378e-02
3.471910000000000274e-01 9.420900000000000107e-02
3.343470000000000053e-01 9.357100000000000140e-02
3.215120000000000200e-01 9.282500000000000473e-02
3.114029999999999854e-01 9.214899999999999480e-02
2.988179999999999725e-01 9.116799999999999904e-02
2.889129999999999754e-01 9.026800000000000102e-02
2.766089999999999938e-01 8.896999999999999353e-02
2.644980000000000109e-01 8.747699999999999920e-02
2.549379999999999979e-01 8.613600000000000423e-02
2.431419999999999970e-01 8.427300000000000069e-02
2.315859999999999863e-01 8.221699999999999842e-02
2.223100000000000076e-01 8.039799999999999724e-02
2.112219999999999931e-01 7.802399999999999614e-02
2.022440000000000071e-01 7.595200000000000562e-02
1.915530000000000010e-01 7.336199999999999666e-02
1.808299999999999907e-01 7.068399999999999683e-02
1.726300000000000057e-01 6.861000000000000432e-02
1.623370000000000091e-01 6.599399999999999711e-02
1.544959999999999944e-01 6.400200000000000333e-02
1.446570000000000078e-01 6.150900000000000117e-02
1.353449999999999931e-01 5.915900000000000325e-02
1.278330000000000022e-01 5.726699999999999846e-02
1.190179999999999988e-01 5.505000000000000171e-02
1.102280000000000065e-01 5.283199999999999702e-02
1.036090000000000066e-01 5.115399999999999808e-02
9.534399999999999820e-02 4.903600000000000320e-02
8.915399999999999714e-02 4.742999999999999994e-02
8.143499999999999350e-02 4.538999999999999979e-02
7.423100000000000531e-02 4.343999999999999945e-02
6.853199999999999570e-02 4.185200000000000031e-02
6.189900000000000263e-02 3.994700000000000334e-02
5.666600000000000109e-02 3.838500000000000245e-02
5.061700000000000227e-02 3.650500000000000272e-02
4.475599999999999717e-02 3.458200000000000163e-02
4.041100000000000247e-02 3.308099999999999929e-02
3.516600000000000281e-02 3.115100000000000161e-02
3.032800000000000079e-02 2.923299999999999857e-02
2.669300000000000145e-02 2.767199999999999868e-02
2.247100000000000139e-02 2.569799999999999862e-02
1.935699999999999921e-02 2.408899999999999930e-02
1.576100000000000070e-02 2.202899999999999997e-02
1.257899999999999990e-02 1.993999999999999939e-02
1.022099999999999918e-02 1.817500000000000018e-02
7.697999999999999982e-03 1.598199999999999968e-02
5.866999999999999819e-03 1.411300000000000054e-02
4.000000000000000083e-03 1.181100000000000032e-02
2.413999999999999913e-03 9.320000000000000159e-03
1.495000000000000018e-03 7.434999999999999769e-03
6.030000000000000204e-04 4.867999999999999931e-03
1.279999999999999942e-04 2.364000000000000216e-03
-0.000000000000000000e+00 2.930000000000000204e-04
1.289999999999999914e-04 -1.786000000000000044e-03
6.040000000000000447e-04 -4.318999999999999923e-03
1.495000000000000018e-03 -6.943999999999999652e-03
2.410999999999999949e-03 -8.888999999999999332e-03
3.989000000000000358e-03 -1.148500000000000042e-02
5.845000000000000369e-03 -1.391500000000000029e-02
7.662000000000000408e-03 -1.591000000000000053e-02
1.016700000000000069e-02 -1.827600000000000058e-02
1.250700000000000076e-02 -2.019999999999999921e-02
1.566400000000000084e-02 -2.249699999999999964e-02
1.923199999999999910e-02 -2.478199999999999847e-02
2.232500000000000109e-02 -2.656800000000000134e-02
2.652099999999999944e-02 -2.875600000000000031e-02
3.110900000000000123e-02 -3.091299999999999951e-02
3.495299999999999796e-02 -3.256200000000000067e-02
4.018000000000000044e-02 -3.462200000000000000e-02
4.451299999999999701e-02 -3.618699999999999695e-02
5.036299999999999805e-02 -3.813699999999999729e-02
5.640400000000000275e-02 -3.997300000000000159e-02
6.163099999999999828e-02 -4.144099999999999867e-02
6.826100000000000223e-02 -4.315299999999999692e-02
7.541399999999999493e-02 -4.484300000000000092e-02
8.115899999999999503e-02 -4.608700000000000296e-02
8.887799999999999867e-02 -4.762099999999999667e-02
9.506799999999999973e-02 -4.874200000000000060e-02
1.033319999999999933e-01 -5.010300000000000170e-02
1.116309999999999941e-01 -5.131800000000000250e-02
1.187420000000000003e-01 -5.224600000000000077e-02
1.275580000000000047e-01 -5.325699999999999878e-02
1.350699999999999956e-01 -5.400400000000000339e-02
1.443820000000000103e-01 -5.478700000000000236e-02
1.542209999999999970e-01 -5.545599999999999835e-02
1.620610000000000106e-01 -5.588100000000000012e-02
1.723530000000000062e-01 -5.630700000000000288e-02
1.826180000000000025e-01 -5.660400000000000154e-02
1.912739999999999996e-01 -5.677499999999999908e-02
2.019630000000000036e-01 -5.691999999999999837e-02
2.109389999999999876e-01 -5.701799999999999924e-02
2.221200000000000119e-01 -5.715499999999999747e-02
2.335710000000000008e-01 -5.732199999999999795e-02
2.428530000000000133e-01 -5.746699999999999725e-02
2.546470000000000122e-01 -5.764999999999999986e-02
2.642039999999999944e-01 -5.778099999999999903e-02
2.763120000000000021e-01 -5.789799999999999808e-02
2.886139999999999817e-01 -5.791500000000000120e-02
2.985169999999999768e-01 -5.782199999999999840e-02
3.111010000000000164e-01 -5.750500000000000056e-02
3.237180000000000057e-01 -5.690499999999999725e-02
3.340420000000000056e-01 -5.614999999999999852e-02
3.468829999999999969e-01 -5.485199999999999798e-02
3.573810000000000042e-01 -5.351700000000000207e-02
3.704120000000000190e-01 -5.157099999999999879e-02
3.837189999999999768e-01 -4.930699999999999666e-02
3.942410000000000081e-01 -4.736400000000000332e-02
4.077020000000000088e-01 -4.474299999999999805e-02
4.209959999999999813e-01 -4.207199999999999829e-02
4.318980000000000041e-01 -3.987600000000000172e-02
4.452599999999999891e-01 -3.723900000000000127e-02
4.562470000000000137e-01 -3.516199999999999881e-02
4.696339999999999959e-01 -3.273800000000000321e-02
4.834019999999999984e-01 -3.036300000000000110e-02
4.940599999999999992e-01 -2.859499999999999889e-02
5.078799999999999981e-01 -2.639000000000000026e-02
5.212059999999999471e-01 -2.434000000000000052e-02
5.323320000000000274e-01 -2.268299999999999830e-02
5.455640000000000489e-01 -2.075600000000000014e-02
5.567020000000000302e-01 -1.916599999999999901e-02
5.698039999999999772e-01 -1.731800000000000006e-02
5.834570000000000034e-01 -1.543100000000000027e-02
5.938750000000000417e-01 -1.402400000000000001e-02
6.074509999999999632e-01 -1.224599999999999994e-02
6.203840000000000465e-01 -1.061800000000000070e-02
6.311890000000000001e-01 -9.318999999999999159e-03
6.441249999999999476e-01 -7.846000000000000543e-03
6.569869999999999877e-01 -6.487999999999999844e-03
6.677840000000000442e-01 -5.439000000000000258e-03
6.799929999999999586e-01 -4.366000000000000089e-03
6.906390000000000029e-01 -3.520000000000000125e-03
7.025780000000000358e-01 -2.657000000000000074e-03
7.154690000000000216e-01 -1.812000000000000026e-03
7.268700000000000161e-01 -1.124999999999999915e-03
7.373060000000000169e-01 -5.349999999999999938e-04
7.483880000000000532e-01 6.099999999999999872e-05
7.585819999999999785e-01 5.910000000000000539e-04
7.693280000000000118e-01 1.139000000000000038e-03
7.814780000000000060e-01 1.757000000000000098e-03
7.918669999999999876e-01 2.294000000000000032e-03
8.014010000000000300e-01 2.792000000000000211e-03
8.114160000000000261e-01 3.310000000000000008e-03
8.206050000000000288e-01 3.769999999999999914e-03
8.302289999999999948e-01 4.229000000000000120e-03
8.390440000000000120e-01 4.621000000000000107e-03
8.482610000000000428e-01 4.997999999999999839e-03
8.585679999999999978e-01 5.370999999999999906e-03
8.673469999999999791e-01 5.643999999999999712e-03
8.752459999999999685e-01 5.850000000000000165e-03
8.835800000000000320e-01 6.022999999999999708e-03
8.910219999999999807e-01 6.133000000000000430e-03
8.988960000000000283e-01 6.199999999999999782e-03
9.072750000000000536e-01 6.197000000000000251e-03
9.148220000000000240e-01 6.127999999999999767e-03
9.210409999999999986e-01 6.028000000000000372e-03
9.280709999999999793e-01 5.860999999999999890e-03
9.337910000000000377e-01 5.681000000000000286e-03
9.405120000000000147e-01 5.415999999999999807e-03
9.466250000000000497e-01 5.120000000000000419e-03
9.517160000000000064e-01 4.831000000000000225e-03
9.571450000000000236e-01 4.477000000000000077e-03
9.627130000000000409e-01 4.063999999999999904e-03
9.674779999999999491e-01 3.667000000000000121e-03
9.714669999999999694e-01 3.304000000000000079e-03
9.756439999999999557e-01 2.892000000000000039e-03
9.798200000000000243e-01 2.448999999999999788e-03
9.833790000000000031e-01 2.046000000000000076e-03
9.867489999999999872e-01 1.642999999999999929e-03
9.896770000000000289e-01 1.276000000000000007e-03
9.922130000000000116e-01 9.460000000000000093e-04
9.948939999999999451e-01 5.839999999999999922e-04
9.968939999999999468e-01 3.060000000000000111e-04
9.985889999999999489e-01 6.399999999999999710e-05
1.000000000000000000e+00 -1.420000000000000092e-04
1.000000000000000000e+00 5.000000000000000240e-05
