1.000000000000000000e+00 1.119999999999999983e-04
1.000000000000000000e+00 5.810000000000000277e-04
9.986150000000000304e-01 1.048000000000000103e-03
9.969519999999999493e-01 1.595999999999999979e-03
9.946540000000000381e-01 2.333000000000000004e-03
9.923549999999999871e-01 3.050999999999999893e-03
9.898639999999999661e-01 3.808999999999999886e-03
9.869879999999999765e-01 4.663999999999999743e-03
9.836770000000000236e-01 5.623999999999999659e-03
9.801809999999999690e-01 6.612999999999999955e-03
9.760760000000000547e-01 7.746000000000000281e-03
9.719710000000000294e-01 8.852999999999999758e-03
9.671419999999999462e-01 1.012399999999999932e-02
9.623819999999999597e-01 1.134800000000000045e-02
9.578870000000000440e-01 1.248100000000000077e-02
9.522699999999999498e-01 1.386800000000000012e-02
9.464190000000000103e-01 1.528200000000000044e-02
9.399690000000000545e-01 1.680600000000000149e-02
9.348929999999999740e-01 1.798200000000000146e-02
9.278170000000000028e-01 1.958800000000000124e-02
9.210129999999999706e-01 2.109600000000000017e-02
9.146349999999999758e-01 2.247800000000000145e-02
9.073329999999999451e-01 2.402100000000000068e-02
8.987960000000000393e-01 2.578599999999999989e-02
8.909920000000000062e-01 2.736900000000000097e-02
8.835450000000000248e-01 2.883700000000000152e-02
8.752760000000000540e-01 3.041699999999999959e-02
8.673659999999999703e-01 3.187399999999999956e-02
8.586460000000000203e-01 3.341700000000000226e-02
8.483349999999999502e-01 3.515000000000000069e-02
8.391659999999999675e-01 3.660399999999999765e-02
8.303239999999999510e-01 3.792199999999999738e-02
8.207370000000000498e-01 3.925300000000000317e-02
8.115090000000000359e-01 4.042799999999999866e-02
8.015200000000000102e-01 4.157899999999999791e-02
7.899629999999999708e-01 4.274499999999999827e-02
7.793280000000000207e-01 4.365999999999999742e-02
7.696020000000000083e-01 4.436699999999999672e-02
7.585960000000000480e-01 4.502699999999999758e-02
7.485779999999999657e-01 4.551000000000000184e-02
7.372220000000000439e-01 4.594299999999999773e-02
7.269440000000000346e-01 4.624799999999999744e-02
7.147639999999999549e-01 4.653899999999999704e-02
7.024939999999999518e-01 4.679900000000000032e-02
6.920490000000000252e-01 4.703600000000000142e-02
6.797309999999999741e-01 4.738699999999999857e-02
6.691099999999999826e-01 4.779400000000000315e-02
6.565250000000000252e-01 4.844799999999999801e-02
6.431099999999999595e-01 4.933599999999999791e-02
6.329329999999999679e-01 5.011700000000000182e-02
6.193670000000000009e-01 5.126100000000000101e-02
6.065199999999999481e-01 5.241699999999999832e-02
5.953340000000000298e-01 5.344700000000000145e-02
5.822899999999999743e-01 5.464000000000000107e-02
5.710690000000000488e-01 5.562600000000000183e-02
5.578619999999999690e-01 5.670200000000000240e-02
5.466360000000000108e-01 5.751799999999999968e-02
5.333020000000000538e-01 5.836299999999999821e-02
5.193489999999999496e-01 5.911299999999999888e-02
5.086730000000000418e-01 5.960000000000000020e-02
4.947630000000000083e-01 6.013299999999999895e-02
4.813160000000000216e-01 6.054799999999999766e-02
4.702009999999999801e-01 6.082499999999999712e-02
4.567519999999999913e-01 6.108800000000000341e-02
4.457220000000000071e-01 6.125300000000000189e-02
4.323159999999999781e-01 6.139800000000000119e-02
4.186920000000000086e-01 6.148699999999999999e-02
4.080619999999999803e-01 6.151199999999999724e-02
3.945810000000000151e-01 6.148800000000000099e-02
3.840459999999999985e-01 6.142399999999999943e-02
3.707289999999999752e-01 6.128200000000000314e-02
3.576920000000000099e-01 6.107400000000000329e-02
3.471910000000000274e-01 6.085399999999999837e-02
3.343470000000000053e-01 6.051900000000000335e-02
3.215120000000000200e-01 6.010700000000000071e-02
3.114029999999999854e-01 5.972500000000000031e-02
2.988179999999999725e-01 5.917399999999999743e-02
2.889129999999999754e-01 5.867900000000000199e-02
2.766089999999999938e-01 5.798699999999999688e-02
2.644980000000000109e-01 5.721799999999999803e-02
2.549379999999999979e-01 5.654700000000000004e-02
2.431419999999999970e-01 5.563900000000000096e-02
2.315859999999999863e-01 5.466200000000000225e-02
2.223100000000000076e-01 5.381199999999999872e-02
2.112219999999999931e-01 5.272000000000000297e-02
2.022440000000000071e-01 5.177600000000000258e-02
1.915530000000000010e-01 5.059600000000000208e-02
1.808299999999999907e-01 4.936900000000000316e-02
1.726300000000000057e-01 4.840900000000000064e-02
1.623370000000000091e-01 4.717999999999999972e-02
1.544959999999999944e-01 4.622799999999999826e-02
1.446570000000000078e-01 4.501100000000000240e-02
1.353449999999999931e-01 4.383700000000000097e-02
1.278330000000000022e-01 4.286899999999999739e-02
1.190179999999999988e-01 4.170600000000000002e-02
1.102280000000000065e-01 4.050999999999999740e-02
1.036090000000000066e-01 3.958099999999999813e-02
9.534399999999999820e-02 3.837800000000000239e-02
8.915399999999999714e-02 3.744200000000000306e-02
8.143499999999999350e-02 3.622000000000000219e-02
7.423100000000000531e-02 3.501900000000000152e-02
6.853199999999999570e-02 3.401499999999999663e-02
6.189900000000000263e-02 3.277999999999999664e-02
5.666600000000000109e-02 3.174300000000000038e-02
5.061700000000000227e-02 3.046400000000000149e-02
4.475599999999999717e-02 2.912000000000000005e-02
4.041100000000000247e-02 2.804800000000000001e-02
3.516600000000000281e-02 2.663700000000000095e-02
3.032800000000000079e-02 2.520000000000000018e-02
2.669300000000000145e-02 2.400300000000000003e-02
2.247100000000000139e-02 2.246000000000000080e-02
1.935699999999999921e-02 2.117399999999999838e-02
1.576100000000000070e-02 1.949599999999999944e-02
1.257899999999999990e-02 1.775699999999999848e-02
1.022099999999999918e-02 1.626299999999999968e-02
7.697999999999999982e-03 1.437500000000000062e-02
5.866999999999999819e-03 1.274300000000000085e-02
4.000000000000000083e-03 1.070499999999999924e-02
2.413999999999999913e-03 8.470999999999999364e-03
1.495000000000000018e-03 6.762999999999999914e-03
6.030000000000000204e-04 4.415999999999999787e-03
1.279999999999999942e-04 2.111000000000000029e-03
-0.000000000000000000e+00 1.920000000000000049e-04
1.289999999999999914e-04 -1.740000000000000010e-03
6.040000000000000447e-04 -4.100999999999999611e-03
1.495000000000000018e-03 -6.552999999999999797e-03
2.410999999999999949e-03 -8.371999999999999234e-03
3.989000000000000358e-03 -1.079800000000000031e-02
5.845000000000000369e-03 -1.306700000000000049e-02
7.662000000000000408e-03 -1.492800000000000030e-02
1.016700000000000069e-02 -1.713200000000000139e-02
1.250700000000000076e-02 -1.892200000000000132e-02
1.566400000000000084e-02 -2.105699999999999933e-02
1.923199999999999910e-02 -2.317800000000000069e-02
2.232500000000000109e-02 -2.483600000000000044e-02
2.652099999999999944e-02 -2.686799999999999952e-02
3.110900000000000123e-02 -2.887400000000000036e-02
3.495299999999999796e-02 -3.041100000000000053e-02
4.018000000000000044e-02 -3.233699999999999769e-02
4.451299999999999701e-02 -3.380799999999999778e-02
5.036299999999999805e-02 -3.564900000000000013e-02
5.640400000000000275e-02 -3.739599999999999869e-02
6.163099999999999828e-02 -3.880399999999999822e-02
6.826100000000000223e-02 -4.046399999999999997e-02
7.541399999999999493e-02 -4.212300000000000072e-02
8.115899999999999503e-02 -4.336099999999999677e-02
8.887799999999999867e-02 -4.491300000000000153e-02
9.506799999999999973e-02 -4.606799999999999784e-02
1.033319999999999933e-01 -4.749899999999999956e-02
1.116309999999999941e-01 -4.881400000000000322e-02
1.187420000000000003e-01 -4.984899999999999748e-02
1.275580000000000047e-01 -5.101699999999999985e-02
1.350699999999999956e-01 -5.191599999999999687e-02
1.443820000000000103e-01 -5.290899999999999770e-02
1.542209999999999970e-01 -5.382100000000000078e-02
1.620610000000000106e-01 -5.444700000000000234e-02
1.723530000000000062e-01 -5.514100000000000251e-02
1.826180000000000025e-01 -5.569500000000000145e-02
1.912739999999999996e-01 -5.606300000000000172e-02
2.019630000000000036e-01 -5.640799999999999981e-02
2.109389999999999876e-01 -5.662099999999999772e-02
2.221200000000000119e-01 -5.681599999999999845e-02
2.335710000000000008e-01 -5.694799999999999862e-02
2.428530000000000133e-01 -5.701099999999999918e-02
2.546470000000000122e-01 -5.704200000000000242e-02
2.642039999999999944e-01 -5.703300000000000036e-02
2.763120000000000021e-01 -5.698600000000000193e-02
2.886139999999999817e-01 -5.690499999999999725e-02
2.985169999999999768e-01 -5.682399999999999951e-02
3.111010000000000164e-01 -5.670100000000000140e-02
3.237180000000000057e-01 -5.656800000000000023e-02
3.340420000000000056e-01 -5.645000000000000018e-02
3.468829999999999969e-01 -5.629800000000000082e-02
3.573810000000000042e-01 -5.615699999999999859e-02
3.704120000000000190e-01 -5.595399999999999680e-02
3.837189999999999768e-01 -5.569899999999999851e-02
3.942410000000000081e-01 -5.545699999999999935e-02
4.077020000000000088e-01 -5.508699999999999708e-02
4.209959999999999813e-01 -5.464700000000000113e-02
4.318980000000000041e-01 -5.422799999999999843e-02
4.452599999999999891e-01 -5.363600000000000312e-02
4.562470000000000137e-01 -5.308600000000000124e-02
4.696339999999999959e-01 -5.232799999999999951e-02
4.834019999999999984e-01 -5.145299999999999874e-02
4.940599999999999992e-01 -5.070000000000000201e-02
5.078799999999999981e-01 -4.963399999999999757e-02
5.212059999999999471e-01 -4.850000000000000144e-02
5.323320000000000274e-01 -4.747699999999999837e-02
5.455640000000000489e-01 -4.616200000000000164e-02
5.567020000000000302e-01 -4.497500000000000109e-02
5.698039999999999772e-01 -4.347999999999999782e-02
5.834570000000000034e-01 -4.183100000000000013e-02
5.938750000000000417e-01 -4.051899999999999946e-02
6.074509999999999632e-01 -3.875800000000000078e-02
6.203840000000000465e-01 -3.703700000000000048e-02
6.311890000000000001e-01 -3.558000000000000052e-02
6.441249999999999476e-01 -3.382299999999999890e-02
6.569869999999999877e-01 -3.207499999999999934e-02
6.677840000000000442e-01 -3.061699999999999838e-02
6.799929999999999586e-01 -2.897900000000000129e-02
6.906390000000000029e-01 -2.754300000000000151e-02
7.025780000000000358e-01 -2.590100000000000041e-02
7.154690000000000216e-01 -2.406499999999999959e-02
7.268700000000000161e-01 -2.237000000000000099e-02
7.373060000000000169e-01 -2.075099999999999861e-02
7.483880000000000532e-01 -1.895399999999999863e-02
7.585819999999999785e-01 -1.723200000000000079e-02
7.693280000000000118e-01 -1.534400000000000000e-02
7.814780000000000060e-01 -1.312499999999999951e-02
7.918669999999999876e-01 -1.116299999999999931e-02
8.014010000000000300e-01 -9.338000000000000814e-03
8.114160000000000261e-01 -7.445000000000000229e-03
8.206050000000000288e-01 -5.768999999999999823e-03
8.302289999999999948e-01 -4.106000000000000275e-03
8.390440000000000120e-01 -2.686000000000000019e-03
8.482610000000000428e-01 -1.322000000000000041e-03
8.585679999999999978e-01 4.399999999999999886e-05
8.673469999999999791e-01 1.067999999999999939e-03
8.752459999999999685e-01 1.876999999999999979e-03
8.835800000000000320e-01 2.612999999999999871e-03
8.910219999999999807e-01 3.164999999999999845e-03
8.988960000000000283e-01 3.641999999999999838e-03
9.072750000000000536e-01 4.009999999999999676e-03
9.148220000000000240e-01 4.224000000000000324e-03
9.210409999999999986e-01 4.327000000000000117e-03
9.280709999999999793e-01 4.362000000000000426e-03
9.337910000000000377e-01 4.327000000000000117e-03
9.405120000000000147e-01 4.212999999999999731e-03
9.466250000000000497e-01 4.040000000000000188e-03
9.517160000000000064e-01 3.844999999999999894e-03
9.571450000000000236e-01 3.585000000000000079e-03
9.627130000000000409e-01 3.262000000000000142e-03
9.674779999999999491e-01 2.939000000000000206e-03
9.714669999999999694e-01 2.638000000000000154e-03
9.756439999999999557e-01 2.288999999999999802e-03
9.798200000000000243e-01 1.910000000000000022e-03
9.833790000000000031e-01 1.562000000000000020e-03
9.867489999999999872e-01 1.211999999999999970e-03
9.896770000000000289e-01 8.909999999999999734e-04
9.922130000000000116e-01 6.019999999999999961e-04
9.948939999999999451e-01 2.840000000000000185e-04
9.968939999999999468e-01 3.800000000000000209e-05
9.985889999999999489e-01 -1.759999999999999954e-04
1.000000000000000000e+00 -3.579999999999999741e-04
1.000000000000000000e+00 1.119999999999999983e-04
