1.000000000000000000e+00 1.129999999999999955e-04
1.000000000000000000e+00 5.829999999999999679e-04
9.986150000000000304e-01 1.051000000000000068e-03
9.969519999999999493e-01 1.600999999999999993e-03
9.946540000000000381e-01 2.340000000000000066e-03
9.923549999999999871e-01 3.060999999999999919e-03
9.898639999999999661e-01 3.823000000000000009e-03
9.869879999999999765e-01 4.682000000000000398e-03
9.836770000000000236e-01 5.648000000000000242e-03
9.801809999999999690e-01 6.642999999999999600e-03
9.760760000000000547e-01 7.784000000000000120e-03
9.719710000000000294e-01 8.899999999999999925e-03
9.671419999999999462e-01 1.018299999999999934e-02
9.623819999999999597e-01 1.142100000000000060e-02
9.578870000000000440e-01 1.256799999999999931e-02
9.522699999999999498e-01 1.397400000000000031e-02
9.464190000000000103e-01 1.541000000000000009e-02
9.399690000000000545e-01 1.696200000000000138e-02
9.348929999999999740e-01 1.816200000000000106e-02
9.278170000000000028e-01 1.980399999999999869e-02
9.210129999999999706e-01 2.135000000000000092e-02
9.146349999999999758e-01 2.276999999999999857e-02
9.073329999999999451e-01 2.436100000000000071e-02
8.987960000000000393e-01 2.618799999999999947e-02
8.909920000000000062e-01 2.783100000000000157e-02
8.835450000000000248e-01 2.936100000000000168e-02
8.752760000000000540e-01 3.101399999999999990e-02
8.673659999999999703e-01 3.254399999999999654e-02
8.586460000000000203e-01 3.417200000000000099e-02
8.483349999999999502e-01 3.601000000000000034e-02
8.391659999999999675e-01 3.755900000000000211e-02
8.303239999999999510e-01 3.896800000000000264e-02
8.207370000000000498e-01 4.039399999999999935e-02
8.115090000000000359e-01 4.165599999999999858e-02
8.015200000000000102e-01 4.288800000000000251e-02
7.899629999999999708e-01 4.412499999999999756e-02
7.793280000000000207e-01 4.507400000000000295e-02
7.696020000000000083e-01 4.578499999999999931e-02
7.585960000000000480e-01 4.642000000000000293e-02
7.485779999999999657e-01 4.685600000000000181e-02
7.372220000000000439e-01 4.721299999999999802e-02
7.269440000000000346e-01 4.743399999999999700e-02
7.147639999999999549e-01 4.761599999999999860e-02
7.024939999999999518e-01 4.776799999999999796e-02
6.920490000000000252e-01 4.792300000000000032e-02
6.797309999999999741e-01 4.820399999999999685e-02
6.691099999999999826e-01 4.858599999999999725e-02
6.565250000000000252e-01 4.926300000000000123e-02
6.431099999999999595e-01 5.022999999999999687e-02
6.329329999999999679e-01 5.109799999999999759e-02
6.193670000000000009e-01 5.238299999999999901e-02
6.065199999999999481e-01 5.367999999999999855e-02
5.953340000000000298e-01 5.482800000000000173e-02
5.822899999999999743e-01 5.613900000000000140e-02
5.710690000000000488e-01 5.719799999999999884e-02
5.578619999999999690e-01 5.831100000000000172e-02
5.466360000000000108e-01 5.910699999999999982e-02
5.333020000000000538e-01 5.987100000000000061e-02
5.193489999999999496e-01 6.048699999999999910e-02
5.086730000000000418e-01 6.084699999999999831e-02
4.947630000000000083e-01 6.119700000000000140e-02
4.813160000000000216e-01 6.143099999999999949e-02
4.702009999999999801e-01 6.156799999999999773e-02
4.567519999999999913e-01 6.168300000000000172e-02
4.457220000000000071e-01 6.175699999999999940e-02
4.323159999999999781e-01 6.183600000000000207e-02
4.186920000000000086e-01 6.190099999999999769e-02
4.080619999999999803e-01 6.193300000000000194e-02
3.945810000000000151e-01 6.194000000000000200e-02
3.840459999999999985e-01 6.190999999999999975e-02
3.707289999999999752e-01 6.181600000000000289e-02
3.576920000000000099e-01 6.165099999999999747e-02
3.471910000000000274e-01 6.145699999999999774e-02
3.343470000000000053e-01 6.113600000000000284e-02
3.215120000000000200e-01 6.071100000000000108e-02
3.114029999999999854e-01 6.030100000000000043e-02
2.988179999999999725e-01 5.969700000000000006e-02
2.889129999999999754e-01 5.914799999999999919e-02
2.766089999999999938e-01 5.837699999999999834e-02
2.644980000000000109e-01 5.752100000000000268e-02
2.549379999999999979e-01 5.677700000000000108e-02
2.431419999999999970e-01 5.577499999999999819e-02
2.315859999999999863e-01 5.470400000000000262e-02
2.223100000000000076e-01 5.377900000000000041e-02
2.112219999999999931e-01 5.259699999999999792e-02
2.022440000000000071e-01 5.158200000000000285e-02
1.915530000000000010e-01 5.032299999999999968e-02
1.808299999999999907e-01 4.902299999999999713e-02
1.726300000000000057e-01 4.801199999999999912e-02
1.623370000000000091e-01 4.672699999999999770e-02
1.544959999999999944e-01 4.573800000000000088e-02
1.446570000000000078e-01 4.448099999999999971e-02
1.353449999999999931e-01 4.327600000000000197e-02
1.278330000000000022e-01 4.228699999999999820e-02
1.190179999999999988e-01 4.110599999999999671e-02
1.102280000000000065e-01 3.989700000000000191e-02
1.036090000000000066e-01 3.896100000000000257e-02
9.534399999999999820e-02 3.775400000000000283e-02
8.915399999999999714e-02 3.681799999999999656e-02
8.143499999999999350e-02 3.559899999999999870e-02
7.423100000000000531e-02 3.440399999999999708e-02
6.853199999999999570e-02 3.340699999999999920e-02
6.189900000000000263e-02 3.218399999999999733e-02
5.666600000000000109e-02 3.115700000000000067e-02
5.061700000000000227e-02 2.989400000000000043e-02
4.475599999999999717e-02 2.856799999999999964e-02
4.041100000000000247e-02 2.751100000000000073e-02
3.516600000000000281e-02 2.612099999999999839e-02
3.032800000000000079e-02 2.470699999999999980e-02
2.669300000000000145e-02 2.352999999999999883e-02
2.247100000000000139e-02 2.201300000000000132e-02
1.935699999999999921e-02 2.075000000000000108e-02
1.576100000000000070e-02 1.910200000000000092e-02
1.257899999999999990e-02 1.739599999999999827e-02
1.022099999999999918e-02 1.593100000000000072e-02
7.697999999999999982e-03 1.407899999999999950e-02
5.866999999999999819e-03 1.247900000000000051e-02
4.000000000000000083e-03 1.048100000000000073e-02
2.413999999999999913e-03 8.290999999999999759e-03
1.495000000000000018e-03 6.616000000000000353e-03
6.030000000000000204e-04 4.316000000000000392e-03
1.279999999999999942e-04 2.053000000000000137e-03
-0.000000000000000000e+00 1.710000000000000094e-04
1.289999999999999914e-04 -1.727000000000000019e-03
6.040000000000000447e-04 -4.048999999999999648e-03
1.495000000000000018e-03 -6.461999999999999862e-03
2.410999999999999949e-03 -8.253999999999999185e-03
3.989000000000000358e-03 -1.064999999999999974e-02
5.845000000000000369e-03 -1.289299999999999995e-02
7.662000000000000408e-03 -1.473600000000000083e-02
1.016700000000000069e-02 -1.692199999999999954e-02
1.250700000000000076e-02 -1.870199999999999987e-02
1.566400000000000084e-02 -2.082699999999999829e-02
1.923199999999999910e-02 -2.294300000000000159e-02
2.232500000000000109e-02 -2.460100000000000134e-02
2.652099999999999944e-02 -2.663499999999999895e-02
3.110900000000000123e-02 -2.864799999999999985e-02
3.495299999999999796e-02 -3.019300000000000109e-02
4.018000000000000044e-02 -3.213099999999999984e-02
4.451299999999999701e-02 -3.361399999999999805e-02
5.036299999999999805e-02 -3.547299999999999759e-02
5.640400000000000275e-02 -3.724000000000000227e-02
6.163099999999999828e-02 -3.866599999999999898e-02
6.826100000000000223e-02 -4.034999999999999698e-02
7.541399999999999493e-02 -4.203400000000000192e-02
8.115899999999999503e-02 -4.329399999999999915e-02
8.887799999999999867e-02 -4.487499999999999822e-02
9.506799999999999973e-02 -4.605399999999999772e-02
1.033319999999999933e-01 -4.751799999999999774e-02
1.116309999999999941e-01 -4.886599999999999971e-02
1.187420000000000003e-01 -4.993000000000000216e-02
1.275580000000000047e-01 -5.113600000000000090e-02
1.350699999999999956e-01 -5.206899999999999723e-02
1.443820000000000103e-01 -5.310800000000000243e-02
1.542209999999999970e-01 -5.407300000000000301e-02
1.620610000000000106e-01 -5.474699999999999706e-02
1.723530000000000062e-01 -5.551299999999999985e-02
1.826180000000000025e-01 -5.614999999999999852e-02
1.912739999999999996e-01 -5.660199999999999954e-02
2.019630000000000036e-01 -5.706900000000000167e-02
2.109389999999999876e-01 -5.740499999999999770e-02
2.221200000000000119e-01 -5.777899999999999703e-02
2.335710000000000008e-01 -5.812500000000000305e-02
2.428530000000000133e-01 -5.837900000000000034e-02
2.546470000000000122e-01 -5.866899999999999893e-02
2.642039999999999944e-01 -5.887699999999999878e-02
2.763120000000000021e-01 -5.910499999999999782e-02
2.886139999999999817e-01 -5.928699999999999942e-02
2.985169999999999768e-01 -5.939400000000000235e-02
3.111010000000000164e-01 -5.946300000000000197e-02
3.237180000000000057e-01 -5.945000000000000284e-02
3.340420000000000056e-01 -5.936099999999999710e-02
3.468829999999999969e-01 -5.914599999999999719e-02
3.573810000000000042e-01 -5.888199999999999684e-02
3.704120000000000190e-01 -5.844799999999999995e-02
3.837189999999999768e-01 -5.788700000000000095e-02
3.942410000000000081e-01 -5.736299999999999732e-02
4.077020000000000088e-01 -5.659800000000000247e-02
4.209959999999999813e-01 -5.574799999999999894e-02
4.318980000000000041e-01 -5.499199999999999922e-02
4.452599999999999891e-01 -5.399999999999999939e-02
4.562470000000000137e-01 -5.314300000000000274e-02
4.696339999999999959e-01 -5.204500000000000098e-02
4.834019999999999984e-01 -5.086199999999999749e-02
4.940599999999999992e-01 -4.990300000000000291e-02
5.078799999999999981e-01 -4.861300000000000343e-02
5.212059999999999471e-01 -4.731400000000000189e-02
5.323320000000000274e-01 -4.619600000000000095e-02
5.455640000000000489e-01 -4.481899999999999773e-02
5.567020000000000302e-01 -4.362599999999999811e-02
5.698039999999999772e-01 -4.217900000000000121e-02
5.834570000000000034e-01 -4.063200000000000145e-02
5.938750000000000417e-01 -3.942500000000000171e-02
6.074509999999999632e-01 -3.782499999999999751e-02
6.203840000000000465e-01 -3.627199999999999869e-02
6.311890000000000001e-01 -3.495700000000000196e-02
6.441249999999999476e-01 -3.336299999999999683e-02
6.569869999999999877e-01 -3.175800000000000151e-02
6.677840000000000442e-01 -3.039599999999999941e-02
6.799929999999999586e-01 -2.883600000000000052e-02
6.906390000000000029e-01 -2.744200000000000111e-02
7.025780000000000358e-01 -2.582299999999999873e-02
7.154690000000000216e-01 -2.399000000000000091e-02
7.268700000000000161e-01 -2.228300000000000072e-02
7.373060000000000169e-01 -2.064500000000000016e-02
7.483880000000000532e-01 -1.882400000000000045e-02
7.585819999999999785e-01 -1.707699999999999843e-02
7.693280000000000118e-01 -1.516499999999999966e-02
7.814780000000000060e-01 -1.292300000000000046e-02
7.918669999999999876e-01 -1.094700000000000013e-02
8.014010000000000300e-01 -9.114000000000000573e-03
8.114160000000000261e-01 -7.217000000000000325e-03
8.206050000000000288e-01 -5.542000000000000051e-03
8.302289999999999948e-01 -3.882000000000000034e-03
8.390440000000000120e-01 -2.468000000000000142e-03
8.482610000000000428e-01 -1.110000000000000092e-03
8.585679999999999978e-01 2.460000000000000164e-04
8.673469999999999791e-01 1.260000000000000052e-03
8.752459999999999685e-01 2.059000000000000066e-03
8.835800000000000320e-01 2.784000000000000016e-03
8.910219999999999807e-01 3.325999999999999963e-03
8.988960000000000283e-01 3.789999999999999966e-03
9.072750000000000536e-01 4.145000000000000247e-03
9.148220000000000240e-01 4.346000000000000037e-03
9.210409999999999986e-01 4.439000000000000237e-03
9.280709999999999793e-01 4.461999999999999821e-03
9.337910000000000377e-01 4.416999999999999919e-03
9.405120000000000147e-01 4.291999999999999808e-03
9.466250000000000497e-01 4.107999999999999673e-03
9.517160000000000064e-01 3.905000000000000051e-03
9.571450000000000236e-01 3.635999999999999909e-03
9.627130000000000409e-01 3.304000000000000079e-03
9.674779999999999491e-01 2.975000000000000214e-03
9.714669999999999694e-01 2.667999999999999799e-03
9.756439999999999557e-01 2.314000000000000085e-03
9.798200000000000243e-01 1.930000000000000075e-03
9.833790000000000031e-01 1.577000000000000060e-03
9.867489999999999872e-01 1.224000000000000045e-03
9.896770000000000289e-01 8.999999999999999754e-04
9.922130000000000116e-01 6.089999999999999494e-04
9.948939999999999451e-01 2.880000000000000073e-04
9.968939999999999468e-01 4.100000000000000047e-05
9.985889999999999489e-01 -1.749999999999999982e-04
1.000000000000000000e+00 -3.579999999999999741e-04
1.000000000000000000e+00 1.129999999999999955e-04
