1.000000000000000000e+00 7.700000000000000139e-05
1.000000000000000000e+00 3.899999999999999929e-04
9.986150000000000304e-01 7.849999999999999990e-04
9.969519999999999493e-01 1.255999999999999955e-03
9.946540000000000381e-01 1.899999999999999996e-03
9.923549999999999871e-01 2.540000000000000157e-03
9.898639999999999661e-01 3.226999999999999834e-03
9.869879999999999765e-01 4.013000000000000074e-03
9.836770000000000236e-01 4.910000000000000302e-03
9.801809999999999690e-01 5.846999999999999767e-03
9.760760000000000547e-01 6.936000000000000325e-03
9.719710000000000294e-01 8.011000000000000759e-03
9.671419999999999462e-01 9.259999999999999135e-03
9.623819999999999597e-01 1.047400000000000067e-02
9.578870000000000440e-01 1.160399999999999973e-02
9.522699999999999498e-01 1.299600000000000061e-02
9.464190000000000103e-01 1.442099999999999979e-02
9.399690000000000545e-01 1.596399999999999902e-02
9.348929999999999740e-01 1.715600000000000111e-02
9.278170000000000028e-01 1.878600000000000061e-02
9.210129999999999706e-01 2.031700000000000172e-02
9.146349999999999758e-01 2.172100000000000072e-02
9.073329999999999451e-01 2.328799999999999967e-02
8.987960000000000393e-01 2.507799999999999960e-02
8.909920000000000062e-01 2.667999999999999886e-02
8.835450000000000248e-01 2.816600000000000006e-02
8.752760000000000540e-01 2.976399999999999879e-02
8.673659999999999703e-01 3.124199999999999894e-02
8.586460000000000203e-01 3.281200000000000089e-02
8.483349999999999502e-01 3.459199999999999775e-02
8.391659999999999675e-01 3.610800000000000121e-02
8.303239999999999510e-01 3.751199999999999674e-02
8.207370000000000498e-01 3.898000000000000076e-02
8.115090000000000359e-01 4.034399999999999792e-02
8.015200000000000102e-01 4.178500000000000270e-02
7.899629999999999708e-01 4.343000000000000332e-02
7.793280000000000207e-01 4.495400000000000090e-02
7.696020000000000083e-01 4.636099999999999943e-02
7.585960000000000480e-01 4.796799999999999675e-02
7.485779999999999657e-01 4.943600000000000078e-02
7.372220000000000439e-01 5.109899999999999859e-02
7.269440000000000346e-01 5.259199999999999986e-02
7.147639999999999549e-01 5.433000000000000329e-02
7.024939999999999518e-01 5.602800000000000141e-02
6.920490000000000252e-01 5.741199999999999776e-02
6.797309999999999741e-01 5.894800000000000040e-02
6.691099999999999826e-01 6.016799999999999926e-02
6.565250000000000252e-01 6.146499999999999880e-02
6.431099999999999595e-01 6.267399999999999360e-02
6.329329999999999679e-01 6.348399999999999876e-02
6.193670000000000009e-01 6.442900000000000016e-02
6.065199999999999481e-01 6.519999999999999407e-02
5.953340000000000298e-01 6.578299999999999426e-02
5.822899999999999743e-01 6.637700000000000544e-02
5.710690000000000488e-01 6.682299999999999351e-02
5.578619999999999690e-01 6.728900000000000159e-02
5.466360000000000108e-01 6.764900000000000080e-02
5.333020000000000538e-01 6.803199999999999525e-02
5.193489999999999496e-01 6.837699999999999334e-02
5.086730000000000418e-01 6.859800000000000619e-02
4.947630000000000083e-01 6.882499999999999729e-02
4.813160000000000216e-01 6.897100000000000453e-02
4.702009999999999801e-01 6.903600000000000014e-02
4.567519999999999913e-01 6.903900000000000314e-02
4.457220000000000071e-01 6.897899999999999865e-02
4.323159999999999781e-01 6.882499999999999729e-02
4.186920000000000086e-01 6.858100000000000307e-02
4.080619999999999803e-01 6.833100000000000285e-02
3.945810000000000151e-01 6.794200000000000239e-02
3.840459999999999985e-01 6.758200000000000318e-02
3.707289999999999752e-01 6.705999999999999461e-02
3.576920000000000099e-01 6.647400000000000531e-02
3.471910000000000274e-01 6.594899999999999374e-02
3.343470000000000053e-01 6.524199999999999444e-02
3.215120000000000200e-01 6.446399999999999353e-02
3.114029999999999854e-01 6.380800000000000360e-02
2.988179999999999725e-01 6.294700000000000295e-02
2.889129999999999754e-01 6.224199999999999872e-02
2.766089999999999938e-01 6.133999999999999869e-02
2.644980000000000109e-01 6.042999999999999761e-02
2.549379999999999979e-01 5.969800000000000106e-02
2.431419999999999970e-01 5.878099999999999992e-02
2.315859999999999863e-01 5.786499999999999977e-02
2.223100000000000076e-01 5.711800000000000210e-02
2.112219999999999931e-01 5.620700000000000002e-02
2.022440000000000071e-01 5.544999999999999929e-02
1.915530000000000010e-01 5.451799999999999702e-02
1.808299999999999907e-01 5.353900000000000325e-02
1.726300000000000057e-01 5.275699999999999834e-02
1.623370000000000091e-01 5.172600000000000114e-02
1.544959999999999944e-01 5.090200000000000280e-02
1.446570000000000078e-01 4.981499999999999817e-02
1.353449999999999931e-01 4.872900000000000148e-02
1.278330000000000022e-01 4.780700000000000227e-02
1.190179999999999988e-01 4.667000000000000315e-02
1.102280000000000065e-01 4.546900000000000247e-02
1.036090000000000066e-01 4.451499999999999901e-02
9.534399999999999820e-02 4.325699999999999684e-02
8.915399999999999714e-02 4.225999999999999895e-02
8.143499999999999350e-02 4.094099999999999823e-02
7.423100000000000531e-02 3.962600000000000150e-02
6.853199999999999570e-02 3.851500000000000062e-02
6.189900000000000263e-02 3.713700000000000334e-02
5.666600000000000109e-02 3.597100000000000297e-02
5.061700000000000227e-02 3.452500000000000013e-02
4.475599999999999717e-02 3.299900000000000055e-02
4.041100000000000247e-02 3.177599999999999869e-02
3.516600000000000281e-02 3.016500000000000084e-02
3.032800000000000079e-02 2.852199999999999874e-02
2.669300000000000145e-02 2.715300000000000005e-02
2.247100000000000139e-02 2.538800000000000084e-02
1.935699999999999921e-02 2.392000000000000029e-02
1.576100000000000070e-02 2.200600000000000125e-02
1.257899999999999990e-02 2.002800000000000066e-02
1.022099999999999918e-02 1.833100000000000007e-02
7.697999999999999982e-03 1.619299999999999906e-02
5.866999999999999819e-03 1.434999999999999991e-02
4.000000000000000083e-03 1.205299999999999948e-02
2.413999999999999913e-03 9.544000000000000400e-03
1.495000000000000018e-03 7.630999999999999762e-03
6.030000000000000204e-04 5.010999999999999829e-03
1.279999999999999942e-04 2.445000000000000125e-03
-0.000000000000000000e+00 3.179999999999999776e-04
1.289999999999999914e-04 -1.817000000000000039e-03
6.040000000000000447e-04 -4.416999999999999919e-03
1.495000000000000018e-03 -7.102999999999999939e-03
2.410999999999999949e-03 -9.086000000000000326e-03
3.989000000000000358e-03 -1.171900000000000025e-02
5.845000000000000369e-03 -1.416500000000000051e-02
7.662000000000000408e-03 -1.615799999999999875e-02
1.016700000000000069e-02 -1.850399999999999961e-02
1.250700000000000076e-02 -2.039499999999999993e-02
1.566400000000000084e-02 -2.263099999999999834e-02
1.923199999999999910e-02 -2.483199999999999991e-02
2.232500000000000109e-02 -2.653700000000000156e-02
2.652099999999999944e-02 -2.860299999999999995e-02
3.110900000000000123e-02 -3.061900000000000038e-02
3.495299999999999796e-02 -3.214299999999999796e-02
4.018000000000000044e-02 -3.402700000000000169e-02
4.451299999999999701e-02 -3.544499999999999734e-02
5.036299999999999805e-02 -3.719100000000000183e-02
5.640400000000000275e-02 -3.881300000000000028e-02
6.163099999999999828e-02 -4.009399999999999770e-02
6.826100000000000223e-02 -4.156900000000000178e-02
7.541399999999999493e-02 -4.299800000000000150e-02
8.115899999999999503e-02 -4.403200000000000169e-02
8.887799999999999867e-02 -4.528000000000000080e-02
9.506799999999999973e-02 -4.616699999999999970e-02
1.033319999999999933e-01 -4.720900000000000096e-02
1.116309999999999941e-01 -4.809299999999999686e-02
1.187420000000000003e-01 -4.872699999999999948e-02
1.275580000000000047e-01 -4.935599999999999710e-02
1.350699999999999956e-01 -4.975799999999999668e-02
1.443820000000000103e-01 -5.008499999999999758e-02
1.542209999999999970e-01 -5.022999999999999687e-02
1.620610000000000106e-01 -5.019699999999999857e-02
1.723530000000000062e-01 -4.996300000000000047e-02
1.826180000000000025e-01 -4.951900000000000052e-02
1.912739999999999996e-01 -4.899599999999999789e-02
2.019630000000000036e-01 -4.818700000000000067e-02
2.109389999999999876e-01 -4.739899999999999669e-02
2.221200000000000119e-01 -4.633299999999999919e-02
2.335710000000000008e-01 -4.517399999999999888e-02
2.428530000000000133e-01 -4.420099999999999724e-02
2.546470000000000122e-01 -4.294499999999999706e-02
2.642039999999999944e-01 -4.192900000000000099e-02
2.763120000000000021e-01 -4.067699999999999788e-02
2.886139999999999817e-01 -3.947599999999999720e-02
2.985169999999999768e-01 -3.859100000000000030e-02
3.111010000000000164e-01 -3.760299999999999754e-02
3.237180000000000057e-01 -3.680900000000000144e-02
3.340420000000000056e-01 -3.632599999999999718e-02
3.468829999999999969e-01 -3.594900000000000179e-02
3.573810000000000042e-01 -3.578300000000000231e-02
3.704120000000000190e-01 -3.569699999999999956e-02
3.837189999999999768e-01 -3.567599999999999938e-02
3.942410000000000081e-01 -3.565800000000000219e-02
4.077020000000000088e-01 -3.557099999999999845e-02
4.209959999999999813e-01 -3.534700000000000342e-02
4.318980000000000041e-01 -3.501100000000000045e-02
4.452599999999999891e-01 -3.434999999999999859e-02
4.562470000000000137e-01 -3.357700000000000268e-02
4.696339999999999959e-01 -3.240400000000000225e-02
4.834019999999999984e-01 -3.102399999999999949e-02
4.940599999999999992e-01 -2.989100000000000090e-02
5.078799999999999981e-01 -2.842400000000000135e-02
5.212059999999999471e-01 -2.708899999999999850e-02
5.323320000000000274e-01 -2.610399999999999873e-02
5.455640000000000489e-01 -2.514999999999999875e-02
5.567020000000000302e-01 -2.459400000000000128e-02
5.698039999999999772e-01 -2.425599999999999978e-02
5.834570000000000034e-01 -2.419699999999999976e-02
5.938750000000000417e-01 -2.428500000000000103e-02
6.074509999999999632e-01 -2.449300000000000088e-02
6.203840000000000465e-01 -2.469800000000000120e-02
6.311890000000000001e-01 -2.481300000000000172e-02
6.441249999999999476e-01 -2.480299999999999866e-02
6.569869999999999877e-01 -2.455600000000000144e-02
6.677840000000000442e-01 -2.410299999999999943e-02
6.799929999999999586e-01 -2.327800000000000008e-02
6.906390000000000029e-01 -2.230499999999999844e-02
7.025780000000000358e-01 -2.096900000000000153e-02
7.154690000000000216e-01 -1.928200000000000053e-02
7.268700000000000161e-01 -1.762100000000000125e-02
7.373060000000000169e-01 -1.599799999999999833e-02
7.483880000000000532e-01 -1.419600000000000029e-02
7.585819999999999785e-01 -1.249600000000000016e-02
7.693280000000000118e-01 -1.068200000000000052e-02
7.814780000000000060e-01 -8.632000000000000783e-03
7.918669999999999876e-01 -6.897000000000000353e-03
8.014010000000000300e-01 -5.342999999999999659e-03
8.114160000000000261e-01 -3.774000000000000011e-03
8.206050000000000288e-01 -2.413999999999999913e-03
8.302289999999999948e-01 -1.085999999999999943e-03
8.390440000000000120e-01 3.399999999999999973e-05
8.482610000000000428e-01 1.098999999999999934e-03
8.585679999999999978e-01 2.154000000000000099e-03
8.673469999999999791e-01 2.936999999999999941e-03
8.752459999999999685e-01 3.547999999999999939e-03
8.835800000000000320e-01 4.094999999999999682e-03
8.910219999999999807e-01 4.495999999999999996e-03
8.988960000000000283e-01 4.830000000000000092e-03
9.072750000000000536e-01 5.063999999999999925e-03
9.148220000000000240e-01 5.172999999999999647e-03
9.210409999999999986e-01 5.197000000000000230e-03
9.280709999999999793e-01 5.152000000000000329e-03
9.337910000000000377e-01 5.055999999999999731e-03
9.405120000000000147e-01 4.874999999999999993e-03
9.466250000000000497e-01 4.643999999999999691e-03
9.517160000000000064e-01 4.402999999999999796e-03
9.571450000000000236e-01 4.094000000000000417e-03
9.627130000000000409e-01 3.723000000000000181e-03
9.674779999999999491e-01 3.357999999999999874e-03
9.714669999999999694e-01 3.021999999999999947e-03
9.756439999999999557e-01 2.635999999999999888e-03
9.798200000000000243e-01 2.220000000000000185e-03
9.833790000000000031e-01 1.838999999999999923e-03
9.867489999999999872e-01 1.458000000000000095e-03
9.896770000000000289e-01 1.110000000000000092e-03
9.922130000000000116e-01 7.969999999999999654e-04
9.948939999999999451e-01 4.539999999999999765e-04
9.968939999999999468e-01 1.890000000000000133e-04
9.985889999999999489e-01 -4.100000000000000047e-05
1.000000000000000000e+00 -2.359999999999999902e-04
1.000000000000000000e+00 7.700000000000000139e-05
