# True eval counters, Hypervolume values
1.000000000000000000e+02 3.550099127324773396e-01
1.100000000000000000e+02 3.550099127324773396e-01
1.200000000000000000e+02 4.137441263237002786e-01
1.300000000000000000e+02 4.137441263237002786e-01
1.400000000000000000e+02 4.137441263237002786e-01
1.500000000000000000e+02 4.510394547398102194e-01
1.600000000000000000e+02 4.855221062103741159e-01
1.700000000000000000e+02 4.890809920761731155e-01
1.800000000000000000e+02 5.024258382432206238e-01
1.900000000000000000e+02 5.099195801551156260e-01
2.000000000000000000e+02 5.106577941476864169e-01
2.100000000000000000e+02 5.116865378721527913e-01
2.200000000000000000e+02 5.165062192300515775e-01
2.300000000000000000e+02 5.262975926311912467e-01
2.400000000000000000e+02 5.354182922707023673e-01
2.500000000000000000e+02 5.366904179644427231e-01
2.600000000000000000e+02 5.371856016856729754e-01
2.700000000000000000e+02 5.589344240919312812e-01
2.800000000000000000e+02 5.601425826692031373e-01
2.900000000000000000e+02 5.617907061028328819e-01
3.000000000000000000e+02 5.621637255807940825e-01
3.100000000000000000e+02 5.710793782430118037e-01
3.200000000000000000e+02 5.721484549345294823e-01
3.300000000000000000e+02 5.724336585718186043e-01
3.400000000000000000e+02 5.728464125300828380e-01
3.500000000000000000e+02 5.728535547325608324e-01
3.600000000000000000e+02 5.836795550693658630e-01
3.700000000000000000e+02 5.845970450241191330e-01
3.800000000000000000e+02 5.853236514821148484e-01
3.900000000000000000e+02 5.858071918797591593e-01
4.000000000000000000e+02 5.858071918797591593e-01
4.100000000000000000e+02 5.865603459972520417e-01
4.200000000000000000e+02 5.868556623812112294e-01
4.300000000000000000e+02 5.967549165591481408e-01
4.400000000000000000e+02 6.059662488616075482e-01
4.500000000000000000e+02 6.063295231029743881e-01
4.600000000000000000e+02 6.074228077903601752e-01
4.700000000000000000e+02 6.092642318413098446e-01
4.800000000000000000e+02 6.100361697379599324e-01
4.900000000000000000e+02 6.103652608851877215e-01
5.000000000000000000e+02 6.112894752271142984e-01
5.100000000000000000e+02 6.121525216994213592e-01
5.200000000000000000e+02 6.123465628513449222e-01
5.300000000000000000e+02 6.200931381880350202e-01
5.400000000000000000e+02 6.211394447981040123e-01
5.500000000000000000e+02 6.217040720538745679e-01
5.600000000000000000e+02 6.224578103453972666e-01
5.700000000000000000e+02 6.232106902664032999e-01
5.800000000000000000e+02 6.299412166491219489e-01
5.900000000000000000e+02 6.320710131763830342e-01
6.000000000000000000e+02 6.347545056142486208e-01
