1.000000000000000000e+00 -1.500000000000000038e-05
1.000000000000000000e+00 2.429999999999999977e-04
9.986150000000000304e-01 5.039999999999999992e-04
9.969519999999999493e-01 8.189999999999999581e-04
9.946540000000000381e-01 1.253999999999999906e-03
9.923549999999999871e-01 1.691000000000000012e-03
9.898639999999999661e-01 2.164999999999999824e-03
9.869879999999999765e-01 2.713999999999999833e-03
9.836770000000000236e-01 3.346000000000000016e-03
9.801809999999999690e-01 4.014000000000000207e-03
9.760760000000000547e-01 4.795999999999999916e-03
9.719710000000000294e-01 5.576000000000000227e-03
9.671419999999999462e-01 6.488999999999999976e-03
9.623819999999999597e-01 7.382999999999999806e-03
9.578870000000000440e-01 8.220999999999999142e-03
9.522699999999999498e-01 9.258999999999999869e-03
9.464190000000000103e-01 1.032899999999999964e-02
9.399690000000000545e-01 1.149599999999999927e-02
9.348929999999999740e-01 1.240300000000000083e-02
9.278170000000000028e-01 1.365099999999999994e-02
9.210129999999999706e-01 1.483199999999999970e-02
9.146349999999999758e-01 1.592199999999999865e-02
9.073329999999999451e-01 1.714900000000000105e-02
8.987960000000000393e-01 1.856500000000000164e-02
8.909920000000000062e-01 1.984899999999999859e-02
8.835450000000000248e-01 2.105299999999999880e-02
8.752760000000000540e-01 2.236499999999999946e-02
8.673659999999999703e-01 2.359299999999999939e-02
8.586460000000000203e-01 2.491799999999999918e-02
8.483349999999999502e-01 2.644900000000000029e-02
8.391659999999999675e-01 2.777900000000000161e-02
8.303239999999999510e-01 2.903599999999999931e-02
8.207370000000000498e-01 3.037600000000000022e-02
8.115090000000000359e-01 3.164499999999999952e-02
8.015200000000000102e-01 3.300600000000000062e-02
7.899629999999999708e-01 3.457699999999999663e-02
7.793280000000000207e-01 3.603399999999999659e-02
7.696020000000000083e-01 3.738099999999999756e-02
7.585960000000000480e-01 3.892299999999999927e-02
7.485779999999999657e-01 4.034299999999999692e-02
7.372220000000000439e-01 4.197100000000000136e-02
7.269440000000000346e-01 4.345899999999999763e-02
7.147639999999999549e-01 4.523599999999999843e-02
7.024939999999999518e-01 4.703700000000000242e-02
6.920490000000000252e-01 4.857100000000000306e-02
6.797309999999999741e-01 5.037200000000000011e-02
6.691099999999999826e-01 5.190800000000000275e-02
6.565250000000000252e-01 5.369399999999999867e-02
6.431099999999999595e-01 5.553600000000000203e-02
6.329329999999999679e-01 5.687699999999999700e-02
6.193670000000000009e-01 5.856499999999999900e-02
6.065199999999999481e-01 6.003800000000000109e-02
5.953340000000000298e-01 6.120099999999999846e-02
5.822899999999999743e-01 6.239700000000000107e-02
5.710690000000000488e-01 6.327099999999999391e-02
5.578619999999999690e-01 6.409399999999999820e-02
5.466360000000000108e-01 6.460799999999999876e-02
5.333020000000000538e-01 6.501099999999999934e-02
5.193489999999999496e-01 6.523400000000000032e-02
5.086730000000000418e-01 6.529100000000000181e-02
4.947630000000000083e-01 6.525499999999999357e-02
4.813160000000000216e-01 6.513800000000000145e-02
4.702009999999999801e-01 6.500999999999999834e-02
4.567519999999999913e-01 6.484800000000000286e-02
4.457220000000000071e-01 6.473700000000000288e-02
4.323159999999999781e-01 6.465200000000000113e-02
4.186920000000000086e-01 6.460699999999999776e-02
4.080619999999999803e-01 6.457899999999999752e-02
3.945810000000000151e-01 6.453000000000000402e-02
3.840459999999999985e-01 6.446200000000000541e-02
3.707289999999999752e-01 6.431099999999999317e-02
3.576920000000000099e-01 6.406699999999999895e-02
3.471910000000000274e-01 6.378200000000000536e-02
3.343470000000000053e-01 6.330199999999999716e-02
3.215120000000000200e-01 6.265900000000000636e-02
3.114029999999999854e-01 6.204699999999999799e-02
2.988179999999999725e-01 6.117800000000000321e-02
2.889129999999999754e-01 6.042800000000000255e-02
2.766089999999999938e-01 5.943299999999999972e-02
2.644980000000000109e-01 5.840399999999999758e-02
2.549379999999999979e-01 5.756700000000000012e-02
2.431419999999999970e-01 5.651300000000000073e-02
2.315859999999999863e-01 5.546700000000000241e-02
2.223100000000000076e-01 5.462000000000000188e-02
2.112219999999999931e-01 5.360499999999999987e-02
2.022440000000000071e-01 5.277600000000000346e-02
1.915530000000000010e-01 5.176700000000000051e-02
1.808299999999999907e-01 5.070999999999999813e-02
1.726300000000000057e-01 4.986199999999999660e-02
1.623370000000000091e-01 4.873500000000000054e-02
1.544959999999999944e-01 4.782299999999999746e-02
1.446570000000000078e-01 4.660600000000000159e-02
1.353449999999999931e-01 4.537399999999999767e-02
1.278330000000000022e-01 4.431700000000000222e-02
1.190179999999999988e-01 4.300299999999999956e-02
1.102280000000000065e-01 4.160699999999999815e-02
1.036090000000000066e-01 4.049500000000000322e-02
9.534399999999999820e-02 3.902699999999999919e-02
8.915399999999999714e-02 3.786699999999999788e-02
8.143499999999999350e-02 3.633900000000000324e-02
7.423100000000000531e-02 3.482600000000000279e-02
6.853199999999999570e-02 3.356200000000000155e-02
6.189900000000000263e-02 3.201099999999999779e-02
5.666600000000000109e-02 3.071700000000000125e-02
5.061700000000000227e-02 2.913599999999999871e-02
4.475599999999999717e-02 2.750000000000000014e-02
4.041100000000000247e-02 2.621400000000000119e-02
3.516600000000000281e-02 2.455600000000000144e-02
3.032800000000000079e-02 2.290800000000000128e-02
2.669300000000000145e-02 2.157099999999999990e-02
2.247100000000000139e-02 1.989099999999999896e-02
1.935699999999999921e-02 1.853399999999999839e-02
1.576100000000000070e-02 1.681300000000000155e-02
1.257899999999999990e-02 1.509199999999999951e-02
1.022099999999999918e-02 1.365800000000000000e-02
7.697999999999999982e-03 1.190199999999999939e-02
5.866999999999999819e-03 1.042799999999999977e-02
4.000000000000000083e-03 8.637999999999999845e-03
2.413999999999999913e-03 6.734999999999999667e-03
1.495000000000000018e-03 5.314000000000000147e-03
6.030000000000000204e-04 3.405000000000000041e-03
1.279999999999999942e-04 1.572000000000000047e-03
-0.000000000000000000e+00 7.299999999999999903e-05
1.289999999999999914e-04 -1.415999999999999941e-03
6.040000000000000447e-04 -3.212000000000000011e-03
1.495000000000000018e-03 -5.052000000000000067e-03
2.410999999999999949e-03 -6.405000000000000103e-03
3.989000000000000358e-03 -8.194999999999999160e-03
5.845000000000000369e-03 -9.856999999999999443e-03
7.662000000000000408e-03 -1.121199999999999974e-02
1.016700000000000069e-02 -1.281099999999999947e-02
1.250700000000000076e-02 -1.410600000000000048e-02
1.566400000000000084e-02 -1.564499999999999919e-02
1.923199999999999910e-02 -1.717099999999999876e-02
2.232500000000000109e-02 -1.836300000000000085e-02
2.652099999999999944e-02 -1.982199999999999934e-02
3.110900000000000123e-02 -2.126499999999999918e-02
3.495299999999999796e-02 -2.237099999999999853e-02
4.018000000000000044e-02 -2.376100000000000087e-02
4.451299999999999701e-02 -2.482799999999999938e-02
5.036299999999999805e-02 -2.617200000000000082e-02
5.640400000000000275e-02 -2.746099999999999930e-02
6.163099999999999828e-02 -2.851199999999999915e-02
6.826100000000000223e-02 -2.977099999999999885e-02
7.541399999999999493e-02 -3.105799999999999880e-02
8.115899999999999503e-02 -3.204300000000000204e-02
8.887799999999999867e-02 -3.331499999999999739e-02
9.506799999999999973e-02 -3.429700000000000110e-02
1.033319999999999933e-01 -3.556800000000000239e-02
1.116309999999999941e-01 -3.680499999999999744e-02
1.187420000000000003e-01 -3.783999999999999864e-02
1.275580000000000047e-01 -3.909499999999999781e-02
1.350699999999999956e-01 -4.014700000000000213e-02
1.443820000000000103e-01 -4.142900000000000055e-02
1.542209999999999970e-01 -4.276599999999999846e-02
1.620610000000000106e-01 -4.381700000000000178e-02
1.723530000000000062e-01 -4.517899999999999694e-02
1.826180000000000025e-01 -4.651000000000000273e-02
1.912739999999999996e-01 -4.760400000000000048e-02
2.019630000000000036e-01 -4.890100000000000002e-02
2.109389999999999876e-01 -4.992599999999999816e-02
2.221200000000000119e-01 -5.109500000000000153e-02
2.335710000000000008e-01 -5.216099999999999903e-02
2.428530000000000133e-01 -5.292499999999999982e-02
2.546470000000000122e-01 -5.376999999999999835e-02
2.642039999999999944e-01 -5.434900000000000148e-02
2.763120000000000021e-01 -5.494999999999999885e-02
2.886139999999999817e-01 -5.540500000000000286e-02
2.985169999999999768e-01 -5.565900000000000014e-02
3.111010000000000164e-01 -5.583500000000000268e-02
3.237180000000000057e-01 -5.585199999999999887e-02
3.340420000000000056e-01 -5.574599999999999694e-02
3.468829999999999969e-01 -5.546999999999999847e-02
3.573810000000000042e-01 -5.512199999999999739e-02
3.704120000000000190e-01 -5.453700000000000214e-02
3.837189999999999768e-01 -5.376500000000000029e-02
3.942410000000000081e-01 -5.303000000000000075e-02
4.077020000000000088e-01 -5.193699999999999706e-02
4.209959999999999813e-01 -5.069400000000000295e-02
4.318980000000000041e-01 -4.956100000000000089e-02
4.452599999999999891e-01 -4.803799999999999737e-02
4.562470000000000137e-01 -4.669000000000000233e-02
4.696339999999999959e-01 -4.495299999999999990e-02
4.834019999999999984e-01 -4.310400000000000342e-02
4.940599999999999992e-01 -4.164999999999999952e-02
5.078799999999999981e-01 -3.977900000000000186e-02
5.212059999999999471e-01 -3.801999999999999824e-02
5.323320000000000274e-01 -3.661999999999999977e-02
5.455640000000000489e-01 -3.506200000000000289e-02
5.567020000000000302e-01 -3.387099999999999833e-02
5.698039999999999772e-01 -3.262000000000000316e-02
5.834570000000000034e-01 -3.146299999999999791e-02
5.938750000000000417e-01 -3.065100000000000116e-02
6.074509999999999632e-01 -2.965399999999999980e-02
6.203840000000000465e-01 -2.872800000000000006e-02
6.311890000000000001e-01 -2.794599999999999862e-02
6.441249999999999476e-01 -2.696600000000000039e-02
6.569869999999999877e-01 -2.590900000000000147e-02
6.677840000000000442e-01 -2.493199999999999930e-02
6.799929999999999586e-01 -2.371200000000000044e-02
6.906390000000000029e-01 -2.255800000000000166e-02
7.025780000000000358e-01 -2.118599999999999997e-02
7.154690000000000216e-01 -1.963600000000000068e-02
7.268700000000000161e-01 -1.822800000000000115e-02
7.373060000000000169e-01 -1.692700000000000107e-02
7.483880000000000532e-01 -1.554600000000000079e-02
7.585819999999999785e-01 -1.429099999999999988e-02
7.693280000000000118e-01 -1.299400000000000034e-02
7.814780000000000060e-01 -1.157000000000000042e-02
7.918669999999999876e-01 -1.039600000000000073e-02
8.014010000000000300e-01 -9.357000000000000733e-03
8.114160000000000261e-01 -8.300000000000000086e-03
8.206050000000000288e-01 -7.361000000000000355e-03
8.302289999999999948e-01 -6.408999999999999767e-03
8.390440000000000120e-01 -5.565999999999999767e-03
8.482610000000000428e-01 -4.715999999999999706e-03
8.585679999999999978e-01 -3.808000000000000187e-03
8.673469999999999791e-01 -3.072000000000000078e-03
8.752459999999999685e-01 -2.442999999999999859e-03
8.835800000000000320e-01 -1.815999999999999906e-03
8.910219999999999807e-01 -1.293000000000000095e-03
8.988960000000000283e-01 -7.820000000000000345e-04
9.072750000000000536e-01 -3.049999999999999868e-04
9.148220000000000240e-01 6.700000000000000226e-05
9.210409999999999986e-01 3.379999999999999758e-04
9.280709999999999793e-01 5.999999999999999474e-04
9.337910000000000377e-01 7.759999999999999971e-04
9.405120000000000147e-01 9.389999999999999476e-04
9.466250000000000497e-01 1.041000000000000042e-03
9.517160000000000064e-01 1.092000000000000089e-03
9.571450000000000236e-01 1.106999999999999911e-03
9.627130000000000409e-01 1.080999999999999930e-03
9.674779999999999491e-01 1.021999999999999905e-03
9.714669999999999694e-01 9.479999999999999495e-04
9.756439999999999557e-01 8.440000000000000236e-04
9.798200000000000243e-01 7.159999999999999481e-04
9.833790000000000031e-01 5.839999999999999922e-04
9.867489999999999872e-01 4.440000000000000045e-04
9.896770000000000289e-01 3.080000000000000055e-04
9.922130000000000116e-01 1.800000000000000113e-04
9.948939999999999451e-01 3.399999999999999973e-05
9.968939999999999468e-01 -8.100000000000000375e-05
9.985889999999999489e-01 -1.840000000000000001e-04
1.000000000000000000e+00 -2.719999999999999979e-04
1.000000000000000000e+00 -1.500000000000000038e-05
