1.000000000000000000e+00 7.999999999999999638e-06
1.000000000000000000e+00 2.750000000000000166e-04
9.986150000000000304e-01 5.689999999999999529e-04
9.969519999999999493e-01 9.229999999999999923e-04
9.946540000000000381e-01 1.412000000000000061e-03
9.923549999999999871e-01 1.902000000000000045e-03
9.898639999999999661e-01 2.432999999999999833e-03
9.869879999999999765e-01 3.044999999999999964e-03
9.836770000000000236e-01 3.749999999999999861e-03
9.801809999999999690e-01 4.492000000000000333e-03
9.760760000000000547e-01 5.360000000000000181e-03
9.719710000000000294e-01 6.224000000000000365e-03
9.671419999999999462e-01 7.231999999999999713e-03
9.623819999999999597e-01 8.217000000000000345e-03
9.578870000000000440e-01 9.138999999999999554e-03
9.522699999999999498e-01 1.027800000000000068e-02
9.464190000000000103e-01 1.145000000000000011e-02
9.399690000000000545e-01 1.272399999999999920e-02
9.348929999999999740e-01 1.371200000000000023e-02
9.278170000000000028e-01 1.506700000000000053e-02
9.210129999999999706e-01 1.634599999999999942e-02
9.146349999999999758e-01 1.752400000000000138e-02
9.073329999999999451e-01 1.884399999999999964e-02
8.987960000000000393e-01 2.036200000000000163e-02
8.909920000000000062e-01 2.173299999999999885e-02
8.835450000000000248e-01 2.301200000000000120e-02
8.752760000000000540e-01 2.440099999999999908e-02
8.673659999999999703e-01 2.569700000000000109e-02
8.586460000000000203e-01 2.709100000000000050e-02
8.483349999999999502e-01 2.869599999999999929e-02
8.391659999999999675e-01 3.008800000000000016e-02
8.303239999999999510e-01 3.140400000000000136e-02
8.207370000000000498e-01 3.281099999999999989e-02
8.115090000000000359e-01 3.415300000000000280e-02
8.015200000000000102e-01 3.560800000000000076e-02
7.899629999999999708e-01 3.731999999999999901e-02
7.793280000000000207e-01 3.894999999999999851e-02
7.696020000000000083e-01 4.048999999999999821e-02
7.585960000000000480e-01 4.228799999999999920e-02
7.485779999999999657e-01 4.396900000000000114e-02
7.372220000000000439e-01 4.591400000000000342e-02
7.269440000000000346e-01 4.769899999999999834e-02
7.147639999999999549e-01 4.982500000000000123e-02
7.024939999999999518e-01 5.195199999999999818e-02
6.920490000000000252e-01 5.372699999999999698e-02
6.797309999999999741e-01 5.574500000000000288e-02
6.691099999999999826e-01 5.739299999999999957e-02
6.565250000000000252e-01 5.920299999999999868e-02
6.431099999999999595e-01 6.094499999999999917e-02
6.329329999999999679e-01 6.213599999999999679e-02
6.193670000000000009e-01 6.353999999999999926e-02
6.065199999999999481e-01 6.467000000000000526e-02
5.953340000000000298e-01 6.549000000000000654e-02
5.822899999999999743e-01 6.624700000000000033e-02
5.710690000000000488e-01 6.672100000000000253e-02
5.578619999999999690e-01 6.706399999999999861e-02
5.466360000000000108e-01 6.717299999999999660e-02
5.333020000000000538e-01 6.710699999999999998e-02
5.193489999999999496e-01 6.686000000000000276e-02
5.086730000000000418e-01 6.657799999999999829e-02
4.947630000000000083e-01 6.613299999999999734e-02
4.813160000000000216e-01 6.566199999999999815e-02
4.702009999999999801e-01 6.527700000000000169e-02
4.567519999999999913e-01 6.485499999999999599e-02
4.457220000000000071e-01 6.457599999999999452e-02
4.323159999999999781e-01 6.434800000000000242e-02
4.186920000000000086e-01 6.423199999999999743e-02
4.080619999999999803e-01 6.420399999999999718e-02
3.945810000000000151e-01 6.422799999999999343e-02
3.840459999999999985e-01 6.427599999999999980e-02
3.707289999999999752e-01 6.435100000000000542e-02
3.576920000000000099e-01 6.441800000000000304e-02
3.471910000000000274e-01 6.444999999999999341e-02
3.343470000000000053e-01 6.444099999999999828e-02
3.215120000000000200e-01 6.436000000000000054e-02
3.114029999999999854e-01 6.423900000000000443e-02
2.988179999999999725e-01 6.401199999999999946e-02
2.889129999999999754e-01 6.377299999999999636e-02
2.766089999999999938e-01 6.339799999999999602e-02
2.644980000000000109e-01 6.294199999999999795e-02
2.549379999999999979e-01 6.251800000000000412e-02
2.431419999999999970e-01 6.191800000000000082e-02
2.315859999999999863e-01 6.124299999999999883e-02
2.223100000000000076e-01 6.063899999999999846e-02
2.112219999999999931e-01 5.984300000000000036e-02
2.022440000000000071e-01 5.913600000000000106e-02
1.915530000000000010e-01 5.821099999999999886e-02
1.808299999999999907e-01 5.717900000000000066e-02
1.726300000000000057e-01 5.631499999999999700e-02
1.623370000000000091e-01 5.513099999999999945e-02
1.544959999999999944e-01 5.415199999999999875e-02
1.446570000000000078e-01 5.282599999999999796e-02
1.353449999999999931e-01 5.146599999999999786e-02
1.278330000000000022e-01 5.029399999999999843e-02
1.190179999999999988e-01 4.882899999999999741e-02
1.102280000000000065e-01 4.726700000000000346e-02
1.036090000000000066e-01 4.602300000000000141e-02
9.534399999999999820e-02 4.438000000000000278e-02
8.915399999999999714e-02 4.308200000000000224e-02
8.143499999999999350e-02 4.137400000000000105e-02
7.423100000000000531e-02 3.968499999999999805e-02
6.853199999999999570e-02 3.827500000000000346e-02
6.189900000000000263e-02 3.654700000000000309e-02
5.666600000000000109e-02 3.510499999999999732e-02
5.061700000000000227e-02 3.334499999999999964e-02
4.475599999999999717e-02 3.152400000000000341e-02
4.041100000000000247e-02 3.009300000000000169e-02
3.516600000000000281e-02 2.824499999999999927e-02
3.032800000000000079e-02 2.640599999999999892e-02
2.669300000000000145e-02 2.491099999999999912e-02
2.247100000000000139e-02 2.302699999999999886e-02
1.935699999999999921e-02 2.149999999999999828e-02
1.576100000000000070e-02 1.955700000000000147e-02
1.257899999999999990e-02 1.760400000000000159e-02
1.022099999999999918e-02 1.597000000000000156e-02
7.697999999999999982e-03 1.395799999999999992e-02
5.866999999999999819e-03 1.226099999999999933e-02
4.000000000000000083e-03 1.019300000000000067e-02
2.413999999999999913e-03 7.983000000000000512e-03
1.495000000000000018e-03 6.329999999999999689e-03
6.030000000000000204e-04 4.105000000000000142e-03
1.279999999999999942e-04 1.968000000000000131e-03
-0.000000000000000000e+00 2.229999999999999994e-04
1.289999999999999914e-04 -1.505000000000000044e-03
6.040000000000000447e-04 -3.579000000000000150e-03
1.495000000000000018e-03 -5.687000000000000215e-03
2.410999999999999949e-03 -7.223000000000000254e-03
3.989000000000000358e-03 -9.235000000000000153e-03
5.845000000000000369e-03 -1.107700000000000004e-02
7.662000000000000408e-03 -1.255900000000000072e-02
1.016700000000000069e-02 -1.428199999999999956e-02
1.250700000000000076e-02 -1.565599999999999978e-02
1.566400000000000084e-02 -1.726300000000000057e-02
1.923199999999999910e-02 -1.882800000000000099e-02
2.232500000000000109e-02 -2.002999999999999919e-02
2.652099999999999944e-02 -2.147800000000000056e-02
3.110900000000000123e-02 -2.288400000000000156e-02
3.495299999999999796e-02 -2.394500000000000101e-02
4.018000000000000044e-02 -2.526199999999999973e-02
4.451299999999999701e-02 -2.625699999999999909e-02
5.036299999999999805e-02 -2.749700000000000061e-02
5.640400000000000275e-02 -2.867099999999999857e-02
6.163099999999999828e-02 -2.962100000000000150e-02
6.826100000000000223e-02 -3.074899999999999856e-02
7.541399999999999493e-02 -3.189600000000000074e-02
8.115899999999999503e-02 -3.276899999999999952e-02
8.887799999999999867e-02 -3.389699999999999658e-02
9.506799999999999973e-02 -3.476699999999999929e-02
1.033319999999999933e-01 -3.589599999999999735e-02
1.116309999999999941e-01 -3.699899999999999717e-02
1.187420000000000003e-01 -3.792700000000000238e-02
1.275580000000000047e-01 -3.905999999999999750e-02
1.350699999999999956e-01 -4.001600000000000296e-02
1.443820000000000103e-01 -4.119099999999999845e-02
1.542209999999999970e-01 -4.242599999999999844e-02
1.620610000000000106e-01 -4.340399999999999814e-02
1.723530000000000062e-01 -4.467600000000000043e-02
1.826180000000000025e-01 -4.591900000000000148e-02
1.912739999999999996e-01 -4.693499999999999756e-02
2.019630000000000036e-01 -4.812000000000000305e-02
2.109389999999999876e-01 -4.902800000000000213e-02
2.221200000000000119e-01 -5.000700000000000284e-02
2.335710000000000008e-01 -5.082699999999999718e-02
2.428530000000000133e-01 -5.135800000000000087e-02
2.546470000000000122e-01 -5.186600000000000238e-02
2.642039999999999944e-01 -5.214499999999999691e-02
2.763120000000000021e-01 -5.233899999999999664e-02
2.886139999999999817e-01 -5.236299999999999982e-02
2.985169999999999768e-01 -5.227099999999999802e-02
3.111010000000000164e-01 -5.202299999999999980e-02
3.237180000000000057e-01 -5.165600000000000053e-02
3.340420000000000056e-01 -5.128200000000000119e-02
3.468829999999999969e-01 -5.074499999999999844e-02
3.573810000000000042e-01 -5.023699999999999694e-02
3.704120000000000190e-01 -4.950999999999999845e-02
3.837189999999999768e-01 -4.864399999999999974e-02
3.942410000000000081e-01 -4.786100000000000076e-02
4.077020000000000088e-01 -4.672899999999999970e-02
4.209959999999999813e-01 -4.545400000000000135e-02
4.318980000000000041e-01 -4.429099999999999704e-02
4.452599999999999891e-01 -4.271099999999999897e-02
4.562470000000000137e-01 -4.129000000000000031e-02
4.696339999999999959e-01 -3.943200000000000177e-02
4.834019999999999984e-01 -3.742000000000000187e-02
4.940599999999999992e-01 -3.581399999999999861e-02
5.078799999999999981e-01 -3.371299999999999991e-02
5.212059999999999471e-01 -3.169799999999999701e-02
5.323320000000000274e-01 -3.005700000000000038e-02
5.455640000000000489e-01 -2.818199999999999872e-02
5.567020000000000302e-01 -2.669900000000000051e-02
5.698039999999999772e-01 -2.508000000000000160e-02
5.834570000000000034e-01 -2.353699999999999889e-02
5.938750000000000417e-01 -2.244799999999999920e-02
6.074509999999999632e-01 -2.113500000000000101e-02
6.203840000000000465e-01 -1.998000000000000123e-02
6.311890000000000001e-01 -1.908100000000000074e-02
6.441249999999999476e-01 -1.806900000000000173e-02
6.569869999999999877e-01 -1.712500000000000133e-02
6.677840000000000442e-01 -1.636999999999999914e-02
6.799929999999999586e-01 -1.554900000000000032e-02
6.906390000000000029e-01 -1.484899999999999935e-02
7.025780000000000358e-01 -1.406999999999999917e-02
7.154690000000000216e-01 -1.322100000000000011e-02
7.268700000000000161e-01 -1.245100000000000026e-02
7.373060000000000169e-01 -1.172600000000000031e-02
7.483880000000000532e-01 -1.093000000000000048e-02
7.585819999999999785e-01 -1.017099999999999949e-02
7.693280000000000118e-01 -9.343000000000000610e-03
7.814780000000000060e-01 -8.368999999999999703e-03
7.918669999999999876e-01 -7.505999999999999651e-03
8.014010000000000300e-01 -6.693000000000000164e-03
8.114160000000000261e-01 -5.825999999999999582e-03
8.206050000000000288e-01 -5.028999999999999616e-03
8.302289999999999948e-01 -4.199999999999999740e-03
8.390440000000000120e-01 -3.455000000000000172e-03
8.482610000000000428e-01 -2.697000000000000178e-03
8.585679999999999978e-01 -1.884000000000000041e-03
8.673469999999999791e-01 -1.227000000000000009e-03
8.752459999999999685e-01 -6.689999999999999983e-04
8.835800000000000320e-01 -1.200000000000000030e-04
8.910219999999999807e-01 3.310000000000000225e-04
8.988960000000000283e-01 7.630000000000000063e-04
9.072750000000000536e-01 1.149999999999999981e-03
9.148220000000000240e-01 1.435999999999999993e-03
9.210409999999999986e-01 1.631999999999999987e-03
9.280709999999999793e-01 1.804999999999999964e-03
9.337910000000000377e-01 1.907000000000000058e-03
9.405120000000000147e-01 1.977000000000000025e-03
9.466250000000000497e-01 1.991000000000000148e-03
9.517160000000000064e-01 1.965000000000000167e-03
9.571450000000000236e-01 1.895999999999999899e-03
9.627130000000000409e-01 1.779999999999999898e-03
9.674779999999999491e-01 1.642000000000000013e-03
9.714669999999999694e-01 1.500000000000000031e-03
9.756439999999999557e-01 1.322999999999999957e-03
9.798200000000000243e-01 1.118999999999999986e-03
9.833790000000000031e-01 9.219999999999999680e-04
9.867489999999999872e-01 7.190000000000000210e-04
9.896770000000000289e-01 5.259999999999999919e-04
9.922130000000000116e-01 3.490000000000000263e-04
9.948939999999999451e-01 1.510000000000000112e-04
9.968939999999999468e-01 -3.999999999999999819e-06
9.985889999999999489e-01 -1.410000000000000120e-04
1.000000000000000000e+00 -2.579999999999999828e-04
1.000000000000000000e+00 7.999999999999999638e-06
