1.000000000000000000e+00 -9.699999999999999963e-05
1.000000000000000000e+00 1.100000000000000039e-04
9.986150000000000304e-01 2.489999999999999809e-04
9.969519999999999493e-01 4.189999999999999931e-04
9.946540000000000381e-01 6.579999999999999478e-04
9.923549999999999871e-01 9.030000000000000483e-04
9.898639999999999661e-01 1.173999999999999913e-03
9.869879999999999765e-01 1.492999999999999969e-03
9.836770000000000236e-01 1.866999999999999953e-03
9.801809999999999690e-01 2.268000000000000051e-03
9.760760000000000547e-01 2.745000000000000044e-03
9.719710000000000294e-01 3.227999999999999967e-03
9.671419999999999462e-01 3.801000000000000125e-03
9.623819999999999597e-01 4.369999999999999753e-03
9.578870000000000440e-01 4.909000000000000169e-03
9.522699999999999498e-01 5.585999999999999820e-03
9.464190000000000103e-01 6.292999999999999983e-03
9.399690000000000545e-01 7.074999999999999692e-03
9.348929999999999740e-01 7.689999999999999787e-03
9.278170000000000028e-01 8.550000000000000308e-03
9.210129999999999706e-01 9.376000000000000653e-03
9.146349999999999758e-01 1.015100000000000030e-02
9.073329999999999451e-01 1.103799999999999920e-02
8.987960000000000393e-01 1.208700000000000052e-02
8.909920000000000062e-01 1.306200000000000069e-02
8.835450000000000248e-01 1.399800000000000003e-02
8.752760000000000540e-01 1.504199999999999982e-02
8.673659999999999703e-01 1.604600000000000123e-02
8.586460000000000203e-01 1.716200000000000017e-02
8.483349999999999502e-01 1.849400000000000002e-02
8.391659999999999675e-01 1.969299999999999870e-02
8.303239999999999510e-01 2.086299999999999960e-02
8.207370000000000498e-01 2.214899999999999855e-02
8.115090000000000359e-01 2.340300000000000019e-02
8.015200000000000102e-01 2.477899999999999894e-02
7.899629999999999708e-01 2.639100000000000126e-02
7.793280000000000207e-01 2.788900000000000060e-02
7.696020000000000083e-01 2.926799999999999888e-02
7.585960000000000480e-01 3.083800000000000083e-02
7.485779999999999657e-01 3.227599999999999913e-02
7.372220000000000439e-01 3.391399999999999970e-02
7.269440000000000346e-01 3.539899999999999991e-02
7.147639999999999549e-01 3.715799999999999659e-02
7.024939999999999518e-01 3.892099999999999727e-02
6.920490000000000252e-01 4.040599999999999747e-02
6.797309999999999741e-01 4.212899999999999978e-02
6.691099999999999826e-01 4.358000000000000068e-02
6.565250000000000252e-01 4.524500000000000050e-02
6.431099999999999595e-01 4.694600000000000162e-02
6.329329999999999679e-01 4.818299999999999667e-02
6.193670000000000009e-01 4.975199999999999761e-02
6.065199999999999481e-01 5.114799999999999902e-02
5.953340000000000298e-01 5.228399999999999714e-02
5.822899999999999743e-01 5.351299999999999807e-02
5.710690000000000488e-01 5.448000000000000065e-02
5.578619999999999690e-01 5.550499999999999878e-02
5.466360000000000108e-01 5.627900000000000263e-02
5.333020000000000538e-01 5.709199999999999692e-02
5.193489999999999496e-01 5.784000000000000252e-02
5.086730000000000418e-01 5.835599999999999815e-02
4.947630000000000083e-01 5.897499999999999964e-02
4.813160000000000216e-01 5.953499999999999764e-02
4.702009999999999801e-01 5.998599999999999766e-02
4.567519999999999913e-01 6.053399999999999753e-02
4.457220000000000071e-01 6.100200000000000067e-02
4.323159999999999781e-01 6.160000000000000198e-02
4.186920000000000086e-01 6.221499999999999947e-02
4.080619999999999803e-01 6.267100000000000448e-02
3.945810000000000151e-01 6.318500000000000505e-02
3.840459999999999985e-01 6.350999999999999701e-02
3.707289999999999752e-01 6.379100000000000048e-02
3.576920000000000099e-01 6.388599999999999834e-02
3.471910000000000274e-01 6.380700000000000260e-02
3.343470000000000053e-01 6.349000000000000477e-02
3.215120000000000200e-01 6.291099999999999470e-02
3.114029999999999854e-01 6.231099999999999833e-02
2.988179999999999725e-01 6.146399999999999780e-02
2.889129999999999754e-01 6.076999999999999763e-02
2.766089999999999938e-01 5.993400000000000116e-02
2.644980000000000109e-01 5.919300000000000256e-02
2.549379999999999979e-01 5.869699999999999918e-02
2.431419999999999970e-01 5.821799999999999892e-02
2.315859999999999863e-01 5.791400000000000020e-02
2.223100000000000076e-01 5.779600000000000015e-02
2.112219999999999931e-01 5.780799999999999828e-02
2.022440000000000071e-01 5.792200000000000126e-02
1.915530000000000010e-01 5.809399999999999981e-02
1.808299999999999907e-01 5.821300000000000086e-02
1.726300000000000057e-01 5.822299999999999698e-02
1.623370000000000091e-01 5.809199999999999781e-02
1.544959999999999944e-01 5.786299999999999777e-02
1.446570000000000078e-01 5.739899999999999863e-02
1.353449999999999931e-01 5.676599999999999702e-02
1.278330000000000022e-01 5.611000000000000015e-02
1.190179999999999988e-01 5.516800000000000176e-02
1.102280000000000065e-01 5.403700000000000170e-02
1.036090000000000066e-01 5.305499999999999799e-02
9.534399999999999820e-02 5.166500000000000259e-02
8.915399999999999714e-02 5.050000000000000322e-02
8.143499999999999350e-02 4.888900000000000190e-02
7.423100000000000531e-02 4.722200000000000009e-02
6.853199999999999570e-02 4.578000000000000125e-02
6.189900000000000263e-02 4.395700000000000301e-02
5.666600000000000109e-02 4.239699999999999719e-02
5.061700000000000227e-02 4.044799999999999784e-02
4.475599999999999717e-02 3.838699999999999751e-02
4.041100000000000247e-02 3.674000000000000182e-02
3.516600000000000281e-02 3.458399999999999669e-02
3.032800000000000079e-02 3.240799999999999931e-02
2.669300000000000145e-02 3.062099999999999891e-02
2.247100000000000139e-02 2.835199999999999873e-02
1.935699999999999921e-02 2.649999999999999925e-02
1.576100000000000070e-02 2.413300000000000167e-02
1.257899999999999990e-02 2.174500000000000044e-02
1.022099999999999918e-02 1.974199999999999913e-02
7.697999999999999982e-03 1.727400000000000116e-02
5.866999999999999819e-03 1.519200000000000064e-02
4.000000000000000083e-03 1.265400000000000032e-02
2.413999999999999913e-03 9.943999999999999714e-03
1.495000000000000018e-03 7.917000000000000426e-03
6.030000000000000204e-04 5.187999999999999903e-03
1.279999999999999942e-04 2.565000000000000006e-03
-0.000000000000000000e+00 4.209999999999999875e-04
1.289999999999999914e-04 -1.706000000000000051e-03
6.040000000000000447e-04 -4.266999999999999960e-03
1.495000000000000018e-03 -6.880999999999999964e-03
2.410999999999999949e-03 -8.795000000000000734e-03
3.989000000000000358e-03 -1.131599999999999967e-02
5.845000000000000369e-03 -1.363999999999999935e-02
7.662000000000000408e-03 -1.552199999999999934e-02
1.016700000000000069e-02 -1.772500000000000117e-02
1.250700000000000076e-02 -1.949199999999999891e-02
1.566400000000000084e-02 -2.157299999999999843e-02
1.923199999999999910e-02 -2.361100000000000004e-02
2.232500000000000109e-02 -2.518400000000000152e-02
2.652099999999999944e-02 -2.708500000000000144e-02
3.110900000000000123e-02 -2.893400000000000138e-02
3.495299999999999796e-02 -3.033100000000000032e-02
4.018000000000000044e-02 -3.205800000000000316e-02
4.451299999999999701e-02 -3.335899999999999976e-02
5.036299999999999805e-02 -3.496900000000000008e-02
5.640400000000000275e-02 -3.647600000000000148e-02
6.163099999999999828e-02 -3.767999999999999822e-02
6.826100000000000223e-02 -3.908600000000000269e-02
7.541399999999999493e-02 -4.048299999999999815e-02
8.115899999999999503e-02 -4.152299999999999741e-02
8.887799999999999867e-02 -4.282799999999999802e-02
9.506799999999999973e-02 -4.380300000000000166e-02
1.033319999999999933e-01 -4.502500000000000252e-02
1.116309999999999941e-01 -4.616599999999999870e-02
1.187420000000000003e-01 -4.708400000000000085e-02
1.275580000000000047e-01 -4.815200000000000036e-02
1.350699999999999956e-01 -4.900600000000000095e-02
1.443820000000000103e-01 -4.999699999999999978e-02
1.542209999999999970e-01 -5.097200000000000342e-02
1.620610000000000106e-01 -5.169699999999999990e-02
1.723530000000000062e-01 -5.258299999999999780e-02
1.826180000000000025e-01 -5.339300000000000296e-02
1.912739999999999996e-01 -5.401999999999999857e-02
2.019630000000000036e-01 -5.472699999999999787e-02
2.109389999999999876e-01 -5.526500000000000162e-02
2.221200000000000119e-01 -5.587099999999999705e-02
2.335710000000000008e-01 -5.643000000000000099e-02
2.428530000000000133e-01 -5.684000000000000163e-02
2.546470000000000122e-01 -5.731300000000000283e-02
2.642039999999999944e-01 -5.765900000000000192e-02
2.763120000000000021e-01 -5.805600000000000344e-02
2.886139999999999817e-01 -5.840900000000000258e-02
2.985169999999999768e-01 -5.865900000000000281e-02
3.111010000000000164e-01 -5.892399999999999721e-02
3.237180000000000057e-01 -5.913000000000000200e-02
3.340420000000000056e-01 -5.924200000000000299e-02
3.468829999999999969e-01 -5.931000000000000161e-02
3.573810000000000042e-01 -5.929799999999999655e-02
3.704120000000000190e-01 -5.919699999999999962e-02
3.837189999999999768e-01 -5.898899999999999977e-02
3.942410000000000081e-01 -5.875099999999999767e-02
4.077020000000000088e-01 -5.835300000000000209e-02
4.209959999999999813e-01 -5.785900000000000071e-02
4.318980000000000041e-01 -5.738499999999999851e-02
4.452599999999999891e-01 -5.671999999999999958e-02
4.562470000000000137e-01 -5.611399999999999721e-02
4.696339999999999959e-01 -5.529499999999999693e-02
4.834019999999999984e-01 -5.436499999999999666e-02
4.940599999999999992e-01 -5.357599999999999862e-02
5.078799999999999981e-01 -5.247199999999999781e-02
5.212059999999999471e-01 -5.131100000000000244e-02
5.323320000000000274e-01 -5.027399999999999924e-02
5.455640000000000489e-01 -4.895200000000000246e-02
5.567020000000000302e-01 -4.776799999999999796e-02
5.698039999999999772e-01 -4.628700000000000175e-02
5.834570000000000034e-01 -4.465800000000000325e-02
5.938750000000000417e-01 -4.336299999999999877e-02
6.074509999999999632e-01 -4.162300000000000028e-02
6.203840000000000465e-01 -3.991499999999999909e-02
6.311890000000000001e-01 -3.846299999999999719e-02
6.441249999999999476e-01 -3.670000000000000345e-02
6.569869999999999877e-01 -3.493299999999999877e-02
6.677840000000000442e-01 -3.344599999999999657e-02
6.799929999999999586e-01 -3.176899999999999863e-02
6.906390000000000029e-01 -3.031599999999999920e-02
7.025780000000000358e-01 -2.870100000000000082e-02
7.154690000000000216e-01 -2.698100000000000151e-02
7.268700000000000161e-01 -2.548299999999999871e-02
7.373060000000000169e-01 -2.413900000000000073e-02
7.483880000000000532e-01 -2.274100000000000080e-02
7.585819999999999785e-01 -2.148600000000000163e-02
7.693280000000000118e-01 -2.019699999999999968e-02
7.814780000000000060e-01 -1.878600000000000061e-02
7.918669999999999876e-01 -1.761800000000000171e-02
8.014010000000000300e-01 -1.657300000000000093e-02
8.114160000000000261e-01 -1.548700000000000077e-02
8.206050000000000288e-01 -1.449399999999999994e-02
8.302289999999999948e-01 -1.345200000000000042e-02
8.390440000000000120e-01 -1.249499999999999916e-02
8.482610000000000428e-01 -1.149200000000000048e-02
8.585679999999999978e-01 -1.037100000000000001e-02
8.673469999999999791e-01 -9.421000000000000554e-03
8.752459999999999685e-01 -8.573000000000000759e-03
8.835800000000000320e-01 -7.690999999999999920e-03
8.910219999999999807e-01 -6.918999999999999803e-03
8.988960000000000283e-01 -6.124000000000000103e-03
9.072750000000000536e-01 -5.321000000000000209e-03
9.148220000000000240e-01 -4.636000000000000364e-03
9.210409999999999986e-01 -4.094000000000000417e-03
9.280709999999999793e-01 -3.511999999999999931e-03
9.337910000000000377e-01 -3.063000000000000184e-03
9.405120000000000147e-01 -2.569999999999999802e-03
9.466250000000000497e-01 -2.154999999999999798e-03
9.517160000000000064e-01 -1.838000000000000007e-03
9.571450000000000236e-01 -1.528999999999999977e-03
9.627130000000000409e-01 -1.245000000000000013e-03
9.674779999999999491e-01 -1.031999999999999931e-03
9.714669999999999694e-01 -8.739999999999999939e-04
9.756439999999999557e-01 -7.290000000000000473e-04
9.798200000000000243e-01 -6.059999999999999849e-04
9.833790000000000031e-01 -5.169999999999999899e-04
9.867489999999999872e-01 -4.470000000000000232e-04
9.896770000000000289e-01 -3.970000000000000005e-04
9.922130000000000116e-01 -3.620000000000000171e-04
9.948939999999999451e-01 -3.339999999999999870e-04
9.968939999999999468e-01 -3.179999999999999776e-04
9.985889999999999489e-01 -3.080000000000000055e-04
1.000000000000000000e+00 -3.029999999999999924e-04
1.000000000000000000e+00 -9.699999999999999963e-05
