1.000000000000000000e+00 -0.000000000000000000e+00
1.000000000000000000e+00 4.710000000000000102e-04
9.986150000000000304e-01 7.889999999999999878e-04
9.969519999999999493e-01 1.162000000000000055e-03
9.946540000000000381e-01 1.665000000000000030e-03
9.923549999999999871e-01 2.157000000000000063e-03
9.898639999999999661e-01 2.677999999999999825e-03
9.869879999999999765e-01 3.265999999999999806e-03
9.836770000000000236e-01 3.930000000000000333e-03
9.801809999999999690e-01 4.617999999999999709e-03
9.760760000000000547e-01 5.407999999999999613e-03
9.719710000000000294e-01 6.183000000000000128e-03
9.671419999999999462e-01 7.078000000000000090e-03
9.623819999999999597e-01 7.945000000000000673e-03
9.578870000000000440e-01 8.751000000000000098e-03
9.522699999999999498e-01 9.743999999999999190e-03
9.464190000000000103e-01 1.076399999999999926e-02
9.399690000000000545e-01 1.187399999999999914e-02
9.348929999999999740e-01 1.273799999999999932e-02
9.278170000000000028e-01 1.392900000000000041e-02
9.210129999999999706e-01 1.506200000000000074e-02
9.146349999999999758e-01 1.611500000000000085e-02
9.073329999999999451e-01 1.730800000000000047e-02
8.987960000000000393e-01 1.870700000000000141e-02
8.909920000000000062e-01 1.999799999999999842e-02
8.835450000000000248e-01 2.122599999999999834e-02
8.752760000000000540e-01 2.258699999999999944e-02
8.673659999999999703e-01 2.388600000000000098e-02
8.586460000000000203e-01 2.531800000000000023e-02
8.483349999999999502e-01 2.701500000000000082e-02
8.391659999999999675e-01 2.852899999999999880e-02
8.303239999999999510e-01 2.999699999999999936e-02
8.207370000000000498e-01 3.159800000000000109e-02
8.115090000000000359e-01 3.314799999999999691e-02
8.015200000000000102e-01 3.483699999999999991e-02
7.899629999999999708e-01 3.680200000000000138e-02
7.793280000000000207e-01 3.861499999999999655e-02
7.696020000000000083e-01 4.026899999999999924e-02
7.585960000000000480e-01 4.212699999999999778e-02
7.485779999999999657e-01 4.379399999999999959e-02
7.372220000000000439e-01 4.563899999999999901e-02
7.269440000000000346e-01 4.724899999999999933e-02
7.147639999999999549e-01 4.905799999999999744e-02
7.024939999999999518e-01 5.074000000000000038e-02
6.920490000000000252e-01 5.203100000000000086e-02
6.797309999999999741e-01 5.335299999999999765e-02
6.691099999999999826e-01 5.429099999999999898e-02
6.565250000000000252e-01 5.513300000000000145e-02
6.431099999999999595e-01 5.574899999999999994e-02
6.329329999999999679e-01 5.606699999999999878e-02
6.193670000000000009e-01 5.634399999999999825e-02
6.065199999999999481e-01 5.651599999999999679e-02
5.953340000000000298e-01 5.664099999999999691e-02
5.822899999999999743e-01 5.681800000000000045e-02
5.710690000000000488e-01 5.704399999999999749e-02
5.578619999999999690e-01 5.745700000000000113e-02
5.466360000000000108e-01 5.797800000000000176e-02
5.333020000000000538e-01 5.878099999999999992e-02
5.193489999999999496e-01 5.977500000000000174e-02
5.086730000000000418e-01 6.059900000000000009e-02
4.947630000000000083e-01 6.170199999999999990e-02
4.813160000000000216e-01 6.273800000000000210e-02
4.702009999999999801e-01 6.353100000000000414e-02
4.567519999999999913e-01 6.435799999999999854e-02
4.457220000000000071e-01 6.489000000000000323e-02
4.323159999999999781e-01 6.531199999999999506e-02
4.186920000000000086e-01 6.549199999999999466e-02
4.080619999999999803e-01 6.546599999999999642e-02
3.945810000000000151e-01 6.523600000000000232e-02
3.840459999999999985e-01 6.490899999999999448e-02
3.707289999999999752e-01 6.432100000000000317e-02
3.576920000000000099e-01 6.356799999999999951e-02
3.471910000000000274e-01 6.284199999999999509e-02
3.343470000000000053e-01 6.181799999999999795e-02
3.215120000000000200e-01 6.066300000000000164e-02
3.114029999999999854e-01 5.968899999999999900e-02
2.988179999999999725e-01 5.844599999999999795e-02
2.889129999999999754e-01 5.747200000000000225e-02
2.766089999999999938e-01 5.630099999999999688e-02
2.644980000000000109e-01 5.522099999999999925e-02
2.549379999999999979e-01 5.443400000000000322e-02
2.431419999999999970e-01 5.355599999999999944e-02
2.315859999999999863e-01 5.280399999999999677e-02
2.223100000000000076e-01 5.228100000000000108e-02
2.112219999999999931e-01 5.175099999999999839e-02
2.022440000000000071e-01 5.138600000000000112e-02
1.915530000000000010e-01 5.098199999999999954e-02
1.808299999999999907e-01 5.055699999999999777e-02
1.726300000000000057e-01 5.019200000000000050e-02
1.623370000000000091e-01 4.965699999999999975e-02
1.544959999999999944e-01 4.917900000000000049e-02
1.446570000000000078e-01 4.847800000000000026e-02
1.353449999999999931e-01 4.770200000000000135e-02
1.278330000000000022e-01 4.698800000000000199e-02
1.190179999999999988e-01 4.604799999999999865e-02
1.102280000000000065e-01 4.499199999999999727e-02
1.036090000000000066e-01 4.411600000000000243e-02
9.534399999999999820e-02 4.291699999999999682e-02
8.915399999999999714e-02 4.193899999999999711e-02
8.143499999999999350e-02 4.061499999999999833e-02
7.423100000000000531e-02 3.926999999999999935e-02
6.853199999999999570e-02 3.812000000000000111e-02
6.189900000000000263e-02 3.668199999999999933e-02
5.666600000000000109e-02 3.545800000000000340e-02
5.061700000000000227e-02 3.393700000000000189e-02
4.475599999999999717e-02 3.233199999999999963e-02
4.041100000000000247e-02 3.105000000000000121e-02
3.516600000000000281e-02 2.936599999999999974e-02
3.032800000000000079e-02 2.765899999999999956e-02
2.669300000000000145e-02 2.624800000000000050e-02
2.247100000000000139e-02 2.444100000000000092e-02
1.935699999999999921e-02 2.295099999999999918e-02
1.576100000000000070e-02 2.102400000000000102e-02
1.257899999999999990e-02 1.905300000000000049e-02
1.022099999999999918e-02 1.737700000000000009e-02
7.697999999999999982e-03 1.528200000000000044e-02
5.866999999999999819e-03 1.349200000000000052e-02
4.000000000000000083e-03 1.128000000000000010e-02
2.413999999999999913e-03 8.888000000000000067e-03
1.495000000000000018e-03 7.080999999999999621e-03
6.030000000000000204e-04 4.630999999999999700e-03
1.279999999999999942e-04 2.262000000000000122e-03
-0.000000000000000000e+00 3.209999999999999963e-04
1.289999999999999914e-04 -1.603999999999999957e-03
6.040000000000000447e-04 -3.912999999999999812e-03
1.495000000000000018e-03 -6.252999999999999878e-03
2.410999999999999949e-03 -7.948999999999999469e-03
3.989000000000000358e-03 -1.015600000000000010e-02
5.845000000000000369e-03 -1.215699999999999940e-02
7.662000000000000408e-03 -1.374900000000000080e-02
1.016700000000000069e-02 -1.557700000000000057e-02
1.250700000000000076e-02 -1.701400000000000134e-02
1.566400000000000084e-02 -1.867100000000000010e-02
1.923199999999999910e-02 -2.025599999999999970e-02
2.232500000000000109e-02 -2.145299999999999985e-02
2.652099999999999944e-02 -2.286900000000000044e-02
3.110900000000000123e-02 -2.421900000000000094e-02
3.495299999999999796e-02 -2.521999999999999936e-02
4.018000000000000044e-02 -2.644000000000000170e-02
4.451299999999999701e-02 -2.734699999999999978e-02
5.036299999999999805e-02 -2.845999999999999919e-02
5.640400000000000275e-02 -2.949600000000000138e-02
6.163099999999999828e-02 -3.032299999999999926e-02
6.826100000000000223e-02 -3.129500000000000337e-02
7.541399999999999493e-02 -3.227100000000000107e-02
8.115899999999999503e-02 -3.301099999999999868e-02
8.887799999999999867e-02 -3.396099999999999813e-02
9.506799999999999973e-02 -3.469200000000000061e-02
1.033319999999999933e-01 -3.564300000000000107e-02
1.116309999999999941e-01 -3.657500000000000334e-02
1.187420000000000003e-01 -3.736500000000000238e-02
1.275580000000000047e-01 -3.833899999999999808e-02
1.350699999999999956e-01 -3.917199999999999849e-02
1.443820000000000103e-01 -4.021199999999999775e-02
1.542209999999999970e-01 -4.132999999999999868e-02
1.620610000000000106e-01 -4.223699999999999677e-02
1.723530000000000062e-01 -4.345399999999999957e-02
1.826180000000000025e-01 -4.469399999999999762e-02
1.912739999999999996e-01 -4.575599999999999806e-02
2.019630000000000036e-01 -4.707399999999999779e-02
2.109389999999999876e-01 -4.817400000000000154e-02
2.221200000000000119e-01 -4.950800000000000339e-02
2.335710000000000008e-01 -5.082500000000000212e-02
2.428530000000000133e-01 -5.185100000000000126e-02
2.546470000000000122e-01 -5.309400000000000230e-02
2.642039999999999944e-01 -5.404099999999999876e-02
2.763120000000000021e-01 -5.515300000000000064e-02
2.886139999999999817e-01 -5.615499999999999658e-02
2.985169999999999768e-01 -5.685300000000000076e-02
3.111010000000000164e-01 -5.756700000000000012e-02
3.237180000000000057e-01 -5.806299999999999656e-02
3.340420000000000056e-01 -5.827399999999999941e-02
3.468829999999999969e-01 -5.828699999999999853e-02
3.573810000000000042e-01 -5.811600000000000099e-02
3.704120000000000190e-01 -5.772599999999999953e-02
3.837189999999999768e-01 -5.717599999999999766e-02
3.942410000000000081e-01 -5.667500000000000315e-02
4.077020000000000088e-01 -5.600499999999999923e-02
4.209959999999999813e-01 -5.537500000000000061e-02
4.318980000000000041e-01 -5.493200000000000166e-02
4.452599999999999891e-01 -5.453700000000000214e-02
4.562470000000000137e-01 -5.437199999999999672e-02
4.696339999999999959e-01 -5.432700000000000029e-02
4.834019999999999984e-01 -5.441200000000000203e-02
4.940599999999999992e-01 -5.452499999999999708e-02
5.078799999999999981e-01 -5.469000000000000250e-02
5.212059999999999471e-01 -5.480800000000000255e-02
5.323320000000000274e-01 -5.484200000000000186e-02
5.455640000000000489e-01 -5.474899999999999906e-02
5.567020000000000302e-01 -5.452699999999999908e-02
5.698039999999999772e-01 -5.405399999999999788e-02
5.834570000000000034e-01 -5.332900000000000140e-02
5.938750000000000417e-01 -5.261899999999999911e-02
6.074509999999999632e-01 -5.150300000000000017e-02
6.203840000000000465e-01 -5.024399999999999700e-02
6.311890000000000001e-01 -4.905500000000000138e-02
6.441249999999999476e-01 -4.747300000000000131e-02
6.569869999999999877e-01 -4.574099999999999694e-02
6.677840000000000442e-01 -4.417100000000000193e-02
6.799929999999999586e-01 -4.228099999999999914e-02
6.906390000000000029e-01 -4.054499999999999771e-02
7.025780000000000358e-01 -3.851500000000000062e-02
7.154690000000000216e-01 -3.624700000000000144e-02
7.268700000000000161e-01 -3.419200000000000017e-02
7.373060000000000169e-01 -3.228899999999999826e-02
7.483880000000000532e-01 -3.025699999999999917e-02
7.585819999999999785e-01 -2.839200000000000057e-02
7.693280000000000118e-01 -2.644000000000000170e-02
7.814780000000000060e-01 -2.426299999999999985e-02
7.918669999999999876e-01 -2.243500000000000008e-02
8.014010000000000300e-01 -2.078899999999999845e-02
8.114160000000000261e-01 -1.909200000000000133e-02
8.206050000000000288e-01 -1.756599999999999828e-02
8.302289999999999948e-01 -1.600199999999999886e-02
8.390440000000000120e-01 -1.460400000000000066e-02
8.482610000000000428e-01 -1.318000000000000074e-02
8.585679999999999978e-01 -1.163900000000000004e-02
8.673469999999999791e-01 -1.037399999999999954e-02
8.752459999999999685e-01 -9.275000000000000258e-03
8.835800000000000320e-01 -8.160000000000000586e-03
8.910219999999999807e-01 -7.207999999999999997e-03
8.988960000000000283e-01 -6.249000000000000214e-03
9.072750000000000536e-01 -5.305999999999999953e-03
9.148220000000000240e-01 -4.523000000000000111e-03
9.210409999999999986e-01 -3.917000000000000343e-03
9.280709999999999793e-01 -3.278000000000000098e-03
9.337910000000000377e-01 -2.797000000000000007e-03
9.405120000000000147e-01 -2.279000000000000210e-03
9.466250000000000497e-01 -1.855000000000000095e-03
9.517160000000000064e-01 -1.538000000000000088e-03
9.571450000000000236e-01 -1.240999999999999916e-03
9.627130000000000409e-01 -9.790000000000000525e-04
9.674779999999999491e-01 -7.940000000000000009e-04
9.714669999999999694e-01 -6.639999999999999852e-04
9.756439999999999557e-01 -5.569999999999999864e-04
9.798200000000000243e-01 -4.760000000000000234e-04
9.833790000000000031e-01 -4.290000000000000193e-04
9.867489999999999872e-01 -4.020000000000000136e-04
9.896770000000000289e-01 -3.939999999999999817e-04
9.922130000000000116e-01 -3.970000000000000005e-04
9.948939999999999451e-01 -4.119999999999999856e-04
9.968939999999999468e-01 -4.299999999999999894e-04
9.985889999999999489e-01 -4.510000000000000120e-04
1.000000000000000000e+00 -4.719999999999999803e-04
1.000000000000000000e+00 -0.000000000000000000e+00
