1.000000000000000000e+00 6.000000000000000152e-05
1.000000000000000000e+00 2.970000000000000092e-04
9.986150000000000304e-01 6.570000000000000319e-04
9.969519999999999493e-01 1.090000000000000040e-03
9.946540000000000381e-01 1.691999999999999928e-03
9.923549999999999871e-01 2.295999999999999864e-03
9.898639999999999661e-01 2.952000000000000197e-03
9.869879999999999765e-01 3.710999999999999889e-03
9.836770000000000236e-01 4.588000000000000064e-03
9.801809999999999690e-01 5.513999999999999804e-03
9.760760000000000547e-01 6.601000000000000097e-03
9.719710000000000294e-01 7.686000000000000124e-03
9.671419999999999462e-01 8.959999999999999215e-03
9.623819999999999597e-01 1.020899999999999933e-02
9.578870000000000440e-01 1.138400000000000002e-02
9.522699999999999498e-01 1.284199999999999925e-02
9.464190000000000103e-01 1.435099999999999917e-02
9.399690000000000545e-01 1.600000000000000033e-02
9.348929999999999740e-01 1.728700000000000028e-02
9.278170000000000028e-01 1.906300000000000008e-02
9.210129999999999706e-01 2.075000000000000108e-02
9.146349999999999758e-01 2.231400000000000050e-02
9.073329999999999451e-01 2.407899999999999971e-02
8.987960000000000393e-01 2.612300000000000039e-02
8.909920000000000062e-01 2.797499999999999987e-02
8.835450000000000248e-01 2.971700000000000036e-02
8.752760000000000540e-01 3.162000000000000227e-02
8.673659999999999703e-01 3.340800000000000020e-02
8.586460000000000203e-01 3.534199999999999842e-02
8.483349999999999502e-01 3.757800000000000029e-02
8.391659999999999675e-01 3.952100000000000057e-02
8.303239999999999510e-01 4.135400000000000187e-02
8.207370000000000498e-01 4.329800000000000315e-02
8.115090000000000359e-01 4.512700000000000045e-02
8.015200000000000102e-01 4.706699999999999773e-02
7.899629999999999708e-01 4.926599999999999729e-02
7.793280000000000207e-01 5.125799999999999801e-02
7.696020000000000083e-01 5.304799999999999793e-02
7.585960000000000480e-01 5.502300000000000246e-02
7.485779999999999657e-01 5.675999999999999795e-02
7.372220000000000439e-01 5.863499999999999962e-02
7.269440000000000346e-01 6.022299999999999875e-02
7.147639999999999549e-01 6.194000000000000200e-02
7.024939999999999518e-01 6.344800000000000439e-02
6.920490000000000252e-01 6.452499999999999902e-02
6.797309999999999741e-01 6.551300000000000179e-02
6.691099999999999826e-01 6.608799999999999397e-02
6.565250000000000252e-01 6.641600000000000281e-02
6.431099999999999595e-01 6.638499999999999956e-02
6.329329999999999679e-01 6.614799999999999847e-02
6.193670000000000009e-01 6.560699999999999865e-02
6.065199999999999481e-01 6.492699999999999860e-02
5.953340000000000298e-01 6.425400000000000555e-02
5.822899999999999743e-01 6.344299999999999939e-02
5.710690000000000488e-01 6.277199999999999447e-02
5.578619999999999690e-01 6.208199999999999830e-02
5.466360000000000108e-01 6.163099999999999828e-02
5.333020000000000538e-01 6.125799999999999995e-02
5.193489999999999496e-01 6.102699999999999791e-02
5.086730000000000418e-01 6.094000000000000111e-02
4.947630000000000083e-01 6.091599999999999793e-02
4.813160000000000216e-01 6.095799999999999830e-02
4.702009999999999801e-01 6.102199999999999985e-02
4.567519999999999913e-01 6.110600000000000059e-02
4.457220000000000071e-01 6.116200000000000109e-02
4.323159999999999781e-01 6.119200000000000333e-02
4.186920000000000086e-01 6.118500000000000327e-02
4.080619999999999803e-01 6.115999999999999909e-02
3.945810000000000151e-01 6.111199999999999966e-02
3.840459999999999985e-01 6.106799999999999728e-02
3.707289999999999752e-01 6.101299999999999779e-02
3.576920000000000099e-01 6.096599999999999936e-02
3.471910000000000274e-01 6.093900000000000011e-02
3.343470000000000053e-01 6.092700000000000199e-02
3.215120000000000200e-01 6.094200000000000311e-02
3.114029999999999854e-01 6.096800000000000136e-02
2.988179999999999725e-01 6.100799999999999973e-02
2.889129999999999754e-01 6.103599999999999998e-02
2.766089999999999938e-01 6.105399999999999716e-02
2.644980000000000109e-01 6.103999999999999704e-02
2.549379999999999979e-01 6.099799999999999667e-02
2.431419999999999970e-01 6.089699999999999974e-02
2.315859999999999863e-01 6.073400000000000326e-02
2.223100000000000076e-01 6.054999999999999966e-02
2.112219999999999931e-01 6.025799999999999906e-02
2.022440000000000071e-01 5.995400000000000035e-02
1.915530000000000010e-01 5.948300000000000115e-02
1.808299999999999907e-01 5.887099999999999972e-02
1.726300000000000057e-01 5.830099999999999866e-02
1.623370000000000091e-01 5.745299999999999713e-02
1.544959999999999944e-01 5.670700000000000046e-02
1.446570000000000078e-01 5.564899999999999708e-02
1.353449999999999931e-01 5.452300000000000202e-02
1.278330000000000022e-01 5.352500000000000313e-02
1.190179999999999988e-01 5.225099999999999884e-02
1.102280000000000065e-01 5.086500000000000049e-02
1.036090000000000066e-01 4.974399999999999655e-02
9.534399999999999820e-02 4.824300000000000116e-02
8.915399999999999714e-02 4.704099999999999948e-02
8.143499999999999350e-02 4.543799999999999922e-02
7.423100000000000531e-02 4.383299999999999697e-02
6.853199999999999570e-02 4.247499999999999887e-02
6.189900000000000263e-02 4.079100000000000087e-02
5.666600000000000109e-02 3.936900000000000122e-02
5.061700000000000227e-02 3.761199999999999960e-02
4.475599999999999717e-02 3.576800000000000118e-02
4.041100000000000247e-02 3.430099999999999816e-02
3.516600000000000281e-02 3.238400000000000306e-02
3.032800000000000079e-02 3.044900000000000037e-02
2.669300000000000145e-02 2.885499999999999871e-02
2.247100000000000139e-02 2.682299999999999962e-02
1.935699999999999921e-02 2.515500000000000028e-02
1.576100000000000070e-02 2.300800000000000067e-02
1.257899999999999990e-02 2.082300000000000123e-02
1.022099999999999918e-02 1.897300000000000028e-02
7.697999999999999982e-03 1.667400000000000132e-02
5.866999999999999819e-03 1.471599999999999991e-02
4.000000000000000083e-03 1.230599999999999923e-02
2.413999999999999913e-03 9.705999999999999350e-03
1.495000000000000018e-03 7.741999999999999750e-03
6.030000000000000204e-04 5.076999999999999916e-03
1.279999999999999942e-04 2.490000000000000026e-03
-0.000000000000000000e+00 3.570000000000000040e-04
1.289999999999999914e-04 -1.773000000000000053e-03
6.040000000000000447e-04 -4.356999999999999762e-03
1.495000000000000018e-03 -7.016999999999999800e-03
2.410999999999999949e-03 -8.975999999999999604e-03
3.989000000000000358e-03 -1.157299999999999995e-02
5.845000000000000369e-03 -1.398100000000000037e-02
7.662000000000000408e-03 -1.594100000000000031e-02
1.016700000000000069e-02 -1.824200000000000127e-02
1.250700000000000076e-02 -2.009400000000000075e-02
1.566400000000000084e-02 -2.227600000000000066e-02
1.923199999999999910e-02 -2.441199999999999967e-02
2.232500000000000109e-02 -2.605599999999999930e-02
2.652099999999999944e-02 -2.803399999999999989e-02
3.110900000000000123e-02 -2.994000000000000133e-02
3.495299999999999796e-02 -3.136200000000000099e-02
4.018000000000000044e-02 -3.309200000000000336e-02
4.451299999999999701e-02 -3.436700000000000171e-02
5.036299999999999805e-02 -3.590000000000000135e-02
5.640400000000000275e-02 -3.727599999999999664e-02
6.163099999999999828e-02 -3.832499999999999796e-02
6.826100000000000223e-02 -3.947500000000000314e-02
7.541399999999999493e-02 -4.052100000000000146e-02
8.115899999999999503e-02 -4.122200000000000170e-02
8.887799999999999867e-02 -4.198699999999999655e-02
9.506799999999999973e-02 -4.245899999999999674e-02
1.033319999999999933e-01 -4.290800000000000169e-02
1.116309999999999941e-01 -4.315399999999999792e-02
1.187420000000000003e-01 -4.321099999999999941e-02
1.275580000000000047e-01 -4.308700000000000030e-02
1.350699999999999956e-01 -4.281800000000000189e-02
1.443820000000000103e-01 -4.228300000000000114e-02
1.542209999999999970e-01 -4.149300000000000210e-02
1.620610000000000106e-01 -4.070900000000000213e-02
1.723530000000000062e-01 -3.950000000000000039e-02
1.826180000000000025e-01 -3.813199999999999923e-02
1.912739999999999996e-01 -3.690000000000000224e-02
2.019630000000000036e-01 -3.536000000000000254e-02
2.109389999999999876e-01 -3.413599999999999968e-02
2.221200000000000119e-01 -3.282399999999999901e-02
2.335710000000000008e-01 -3.176799999999999763e-02
2.428530000000000133e-01 -3.112399999999999889e-02
2.546470000000000122e-01 -3.057299999999999948e-02
2.642039999999999944e-01 -3.033299999999999885e-02
2.763120000000000021e-01 -3.026999999999999830e-02
2.886139999999999817e-01 -3.042999999999999872e-02
2.985169999999999768e-01 -3.068200000000000094e-02
3.111010000000000164e-01 -3.108199999999999852e-02
3.237180000000000057e-01 -3.148600000000000010e-02
3.340420000000000056e-01 -3.173700000000000132e-02
3.468829999999999969e-01 -3.188099999999999962e-02
3.573810000000000042e-01 -3.185299999999999937e-02
3.704120000000000190e-01 -3.164700000000000152e-02
3.837189999999999768e-01 -3.124899999999999900e-02
3.942410000000000081e-01 -3.080899999999999958e-02
4.077020000000000088e-01 -3.009799999999999975e-02
4.209959999999999813e-01 -2.924600000000000116e-02
4.318980000000000041e-01 -2.844999999999999959e-02
4.452599999999999891e-01 -2.736699999999999897e-02
4.562470000000000137e-01 -2.640500000000000139e-02
4.696339999999999959e-01 -2.515999999999999834e-02
4.834019999999999984e-01 -2.382300000000000043e-02
4.940599999999999992e-01 -2.275999999999999898e-02
5.078799999999999981e-01 -2.137199999999999864e-02
5.212059999999999471e-01 -2.003999999999999879e-02
5.323320000000000274e-01 -1.895399999999999863e-02
5.455640000000000489e-01 -1.770499999999999852e-02
5.567020000000000302e-01 -1.670800000000000063e-02
5.698039999999999772e-01 -1.560100000000000028e-02
5.834570000000000034e-01 -1.451200000000000059e-02
5.938750000000000417e-01 -1.370900000000000070e-02
6.074509999999999632e-01 -1.268200000000000056e-02
6.203840000000000465e-01 -1.170400000000000086e-02
6.311890000000000001e-01 -1.087300000000000072e-02
6.441249999999999476e-01 -9.846000000000000585e-03
6.569869999999999877e-01 -8.774000000000000549e-03
6.677840000000000442e-01 -7.822000000000000827e-03
6.799929999999999586e-01 -6.686000000000000103e-03
6.906390000000000029e-01 -5.655000000000000304e-03
7.025780000000000358e-01 -4.473999999999999679e-03
7.154690000000000216e-01 -3.190999999999999826e-03
7.268700000000000161e-01 -2.067999999999999960e-03
7.373060000000000169e-01 -1.064999999999999974e-03
7.483880000000000532e-01 -3.600000000000000091e-05
7.585819999999999785e-01 8.660000000000000163e-04
7.693280000000000118e-01 1.763999999999999943e-03
7.814780000000000060e-01 2.706000000000000072e-03
7.918669999999999876e-01 3.445999999999999844e-03
8.014010000000000300e-01 4.068999999999999700e-03
8.114160000000000261e-01 4.664999999999999876e-03
8.206050000000000288e-01 5.157000000000000126e-03
8.302289999999999948e-01 5.616999999999999597e-03
8.390440000000000120e-01 5.986000000000000001e-03
8.482610000000000428e-01 6.317999999999999831e-03
8.585679999999999978e-01 6.618999999999999884e-03
8.673469999999999791e-01 6.817000000000000143e-03
8.752459999999999685e-01 6.945999999999999917e-03
8.835800000000000320e-01 7.028999999999999658e-03
8.910219999999999807e-01 7.053000000000000241e-03
8.988960000000000283e-01 7.024999999999999994e-03
9.072750000000000536e-01 6.914000000000000007e-03
9.148220000000000240e-01 6.746000000000000260e-03
9.210409999999999986e-01 6.564000000000000390e-03
9.280709999999999793e-01 6.307000000000000106e-03
9.337910000000000377e-01 6.056999999999999884e-03
9.405120000000000147e-01 5.710999999999999931e-03
9.466250000000000497e-01 5.347000000000000190e-03
9.517160000000000064e-01 5.004999999999999900e-03
9.571450000000000236e-01 4.599999999999999922e-03
9.627130000000000409e-01 4.139000000000000318e-03
9.674779999999999491e-01 3.706000000000000093e-03
9.714669999999999694e-01 3.318000000000000203e-03
9.756439999999999557e-01 2.883999999999999845e-03
9.798200000000000243e-01 2.422999999999999807e-03
9.833790000000000031e-01 2.008999999999999935e-03
9.867489999999999872e-01 1.600000000000000077e-03
9.896770000000000289e-01 1.229999999999999974e-03
9.922130000000000116e-01 8.989999999999999511e-04
9.948939999999999451e-01 5.389999999999999826e-04
9.968939999999999468e-01 2.629999999999999959e-04
9.985889999999999489e-01 2.400000000000000061e-05
1.000000000000000000e+00 -1.769999999999999926e-04
1.000000000000000000e+00 6.000000000000000152e-05
