1.000000000000000000e+00 5.099999999999999960e-05
1.000000000000000000e+00 2.460000000000000164e-04
9.986150000000000304e-01 5.879999999999999810e-04
9.969519999999999493e-01 1.002999999999999985e-03
9.946540000000000381e-01 1.582000000000000073e-03
9.923549999999999871e-01 2.167999999999999788e-03
9.898639999999999661e-01 2.808000000000000166e-03
9.869879999999999765e-01 3.553999999999999868e-03
9.836770000000000236e-01 4.419000000000000185e-03
9.801809999999999690e-01 5.338999999999999996e-03
9.760760000000000547e-01 6.424000000000000023e-03
9.719710000000000294e-01 7.511999999999999580e-03
9.671419999999999462e-01 8.793999999999999734e-03
9.623819999999999597e-01 1.005699999999999997e-02
9.578870000000000440e-01 1.124700000000000005e-02
9.522699999999999498e-01 1.272900000000000073e-02
9.464190000000000103e-01 1.426599999999999917e-02
9.399690000000000545e-01 1.594999999999999890e-02
9.348929999999999740e-01 1.726499999999999910e-02
9.278170000000000028e-01 1.908299999999999927e-02
9.210129999999999706e-01 2.081099999999999964e-02
9.146349999999999758e-01 2.241200000000000137e-02
9.073329999999999451e-01 2.421900000000000094e-02
8.987960000000000393e-01 2.630599999999999952e-02
8.909920000000000062e-01 2.819199999999999831e-02
8.835450000000000248e-01 2.995799999999999852e-02
8.752760000000000540e-01 3.187600000000000156e-02
8.673659999999999703e-01 3.366199999999999748e-02
8.586460000000000203e-01 3.557099999999999845e-02
8.483349999999999502e-01 3.773900000000000171e-02
8.391659999999999675e-01 3.957600000000000007e-02
8.303239999999999510e-01 4.125600000000000100e-02
8.207370000000000498e-01 4.296400000000000219e-02
8.115090000000000359e-01 4.448400000000000271e-02
8.015200000000000102e-01 4.597600000000000298e-02
7.899629999999999708e-01 4.748600000000000043e-02
7.793280000000000207e-01 4.865900000000000086e-02
7.696020000000000083e-01 4.955299999999999983e-02
7.585960000000000480e-01 5.037799999999999917e-02
7.485779999999999657e-01 5.097800000000000248e-02
7.372220000000000439e-01 5.151599999999999929e-02
7.269440000000000346e-01 5.190899999999999681e-02
7.147639999999999549e-01 5.231600000000000139e-02
7.024939999999999518e-01 5.273699999999999916e-02
6.920490000000000252e-01 5.317100000000000298e-02
6.797309999999999741e-01 5.385600000000000109e-02
6.691099999999999826e-01 5.466700000000000031e-02
6.565250000000000252e-01 5.596099999999999686e-02
6.431099999999999595e-01 5.767400000000000304e-02
6.329329999999999679e-01 5.912699999999999900e-02
6.193670000000000009e-01 6.116200000000000109e-02
6.065199999999999481e-01 6.307899999999999618e-02
5.953340000000000298e-01 6.464799999999999713e-02
5.822899999999999743e-01 6.625300000000000633e-02
5.710690000000000488e-01 6.734999999999999321e-02
5.578619999999999690e-01 6.819600000000000661e-02
5.466360000000000108e-01 6.845999999999999308e-02
5.333020000000000538e-01 6.825199999999999323e-02
5.193489999999999496e-01 6.752299999999999969e-02
5.086730000000000418e-01 6.667599999999999916e-02
4.947630000000000083e-01 6.528200000000000669e-02
4.813160000000000216e-01 6.371200000000000474e-02
4.702009999999999801e-01 6.231899999999999940e-02
4.567519999999999913e-01 6.059599999999999709e-02
4.457220000000000071e-01 5.921799999999999981e-02
4.323159999999999781e-01 5.765200000000000186e-02
4.186920000000000086e-01 5.621400000000000008e-02
4.080619999999999803e-01 5.521000000000000213e-02
3.945810000000000151e-01 5.409800000000000025e-02
3.840459999999999985e-01 5.336300000000000071e-02
3.707289999999999752e-01 5.261500000000000205e-02
3.576920000000000099e-01 5.208999999999999742e-02
3.471910000000000274e-01 5.182500000000000301e-02
3.343470000000000053e-01 5.170500000000000096e-02
3.215120000000000200e-01 5.181700000000000195e-02
3.114029999999999854e-01 5.205499999999999711e-02
2.988179999999999725e-01 5.251200000000000312e-02
2.889129999999999754e-01 5.297400000000000025e-02
2.766089999999999938e-01 5.364499999999999824e-02
2.644980000000000109e-01 5.437899999999999678e-02
2.549379999999999979e-01 5.498700000000000115e-02
2.431419999999999970e-01 5.574699999999999794e-02
2.315859999999999863e-01 5.647800000000000042e-02
2.223100000000000076e-01 5.703899999999999942e-02
2.112219999999999931e-01 5.766199999999999798e-02
2.022440000000000071e-01 5.810799999999999993e-02
1.915530000000000010e-01 5.851300000000000251e-02
1.808299999999999907e-01 5.872499999999999942e-02
1.726300000000000057e-01 5.873400000000000148e-02
1.623370000000000091e-01 5.853799999999999976e-02
1.544959999999999944e-01 5.822599999999999998e-02
1.446570000000000078e-01 5.763200000000000267e-02
1.353449999999999931e-01 5.686100000000000182e-02
1.278330000000000022e-01 5.609100000000000197e-02
1.190179999999999988e-01 5.501799999999999746e-02
1.102280000000000065e-01 5.376600000000000129e-02
1.036090000000000066e-01 5.270099999999999785e-02
9.534399999999999820e-02 5.122100000000000264e-02
8.915399999999999714e-02 5.000099999999999684e-02
8.143499999999999350e-02 4.833799999999999902e-02
7.423100000000000531e-02 4.663899999999999990e-02
6.853199999999999570e-02 4.518500000000000294e-02
6.189900000000000263e-02 4.336399999999999977e-02
5.666600000000000109e-02 4.181599999999999900e-02
5.061700000000000227e-02 3.989499999999999991e-02
4.475599999999999717e-02 3.787599999999999995e-02
4.041100000000000247e-02 3.626900000000000263e-02
3.516600000000000281e-02 3.416999999999999899e-02
3.032800000000000079e-02 3.205600000000000116e-02
2.669300000000000145e-02 3.032100000000000073e-02
2.247100000000000139e-02 2.811699999999999963e-02
1.935699999999999921e-02 2.631500000000000158e-02
1.576100000000000070e-02 2.400499999999999856e-02
1.257899999999999990e-02 2.166799999999999976e-02
1.022099999999999918e-02 1.969999999999999876e-02
7.697999999999999982e-03 1.726499999999999910e-02
5.866999999999999819e-03 1.520299999999999950e-02
4.000000000000000083e-03 1.267899999999999930e-02
2.413999999999999913e-03 9.974999999999999492e-03
1.495000000000000018e-03 7.946999999999999204e-03
6.030000000000000204e-04 5.216000000000000150e-03
1.279999999999999942e-04 2.592999999999999819e-03
-0.000000000000000000e+00 4.530000000000000064e-04
1.289999999999999914e-04 -1.660000000000000017e-03
6.040000000000000447e-04 -4.187999999999999882e-03
1.495000000000000018e-03 -6.742999999999999862e-03
2.410999999999999949e-03 -8.592000000000000678e-03
3.989000000000000358e-03 -1.099499999999999957e-02
5.845000000000000369e-03 -1.317100000000000042e-02
7.662000000000000408e-03 -1.490099999999999932e-02
1.016700000000000069e-02 -1.688500000000000070e-02
1.250700000000000076e-02 -1.844000000000000153e-02
1.566400000000000084e-02 -2.022799999999999945e-02
1.923199999999999910e-02 -2.192699999999999858e-02
2.232500000000000109e-02 -2.320200000000000040e-02
2.652099999999999944e-02 -2.469599999999999920e-02
3.110900000000000123e-02 -2.609699999999999867e-02
3.495299999999999796e-02 -2.711799999999999974e-02
4.018000000000000044e-02 -2.833499999999999908e-02
4.451299999999999701e-02 -2.921400000000000038e-02
5.036299999999999805e-02 -3.025699999999999917e-02
5.640400000000000275e-02 -3.118200000000000138e-02
6.163099999999999828e-02 -3.188499999999999668e-02
6.826100000000000223e-02 -3.266100000000000253e-02
7.541399999999999493e-02 -3.338399999999999701e-02
8.115899999999999503e-02 -3.388700000000000045e-02
8.887799999999999867e-02 -3.447499999999999870e-02
9.506799999999999973e-02 -3.488100000000000228e-02
1.033319999999999933e-01 -3.534999999999999948e-02
1.116309999999999941e-01 -3.574499999999999900e-02
1.187420000000000003e-01 -3.603200000000000153e-02
1.275580000000000047e-01 -3.633200000000000318e-02
1.350699999999999956e-01 -3.654500000000000109e-02
1.443820000000000103e-01 -3.676600000000000007e-02
1.542209999999999970e-01 -3.696200000000000180e-02
1.620610000000000106e-01 -3.710000000000000103e-02
1.723530000000000062e-01 -3.727300000000000058e-02
1.826180000000000025e-01 -3.745400000000000118e-02
1.912739999999999996e-01 -3.763400000000000079e-02
2.019630000000000036e-01 -3.791699999999999932e-02
2.109389999999999876e-01 -3.823300000000000309e-02
2.221200000000000119e-01 -3.876099999999999685e-02
2.335710000000000008e-01 -3.946000000000000202e-02
2.428530000000000133e-01 -4.013300000000000201e-02
2.546470000000000122e-01 -4.110199999999999965e-02
2.642039999999999944e-01 -4.195499999999999924e-02
2.763120000000000021e-01 -4.308100000000000124e-02
2.886139999999999817e-01 -4.420899999999999830e-02
2.985169999999999768e-01 -4.505200000000000177e-02
3.111010000000000164e-01 -4.594999999999999779e-02
3.237180000000000057e-01 -4.655900000000000316e-02
3.340420000000000056e-01 -4.675699999999999995e-02
3.468829999999999969e-01 -4.656899999999999928e-02
3.573810000000000042e-01 -4.608099999999999696e-02
3.704120000000000190e-01 -4.510999999999999732e-02
3.837189999999999768e-01 -4.375899999999999929e-02
3.942410000000000081e-01 -4.247700000000000087e-02
4.077020000000000088e-01 -4.062400000000000039e-02
4.209959999999999813e-01 -3.862299999999999761e-02
4.318980000000000041e-01 -3.690899999999999737e-02
4.452599999999999891e-01 -3.477800000000000336e-02
4.562470000000000137e-01 -3.304499999999999799e-02
4.696339999999999959e-01 -3.096300000000000094e-02
4.834019999999999984e-01 -2.886599999999999930e-02
4.940599999999999992e-01 -2.727200000000000110e-02
5.078799999999999981e-01 -2.525200000000000014e-02
5.212059999999999471e-01 -2.335299999999999876e-02
5.323320000000000274e-01 -2.181299999999999906e-02
5.455640000000000489e-01 -2.003399999999999972e-02
5.567020000000000302e-01 -1.858800000000000036e-02
5.698039999999999772e-01 -1.694500000000000173e-02
5.834570000000000034e-01 -1.530199999999999963e-02
5.938750000000000417e-01 -1.409099999999999936e-02
6.074509999999999632e-01 -1.256700000000000005e-02
6.203840000000000465e-01 -1.116600000000000058e-02
6.311890000000000001e-01 -1.002899999999999972e-02
6.441249999999999476e-01 -8.701000000000000401e-03
6.569869999999999877e-01 -7.411000000000000053e-03
6.677840000000000442e-01 -6.344999999999999946e-03
6.799929999999999586e-01 -5.152999999999999595e-03
6.906390000000000029e-01 -4.129999999999999991e-03
7.025780000000000358e-01 -3.005999999999999991e-03
7.154690000000000216e-01 -1.827000000000000065e-03
7.268700000000000161e-01 -8.189999999999999581e-04
7.373060000000000169e-01 6.999999999999999387e-05
7.483880000000000532e-01 9.740000000000000394e-04
7.585819999999999785e-01 1.765999999999999992e-03
7.693280000000000118e-01 2.554999999999999979e-03
7.814780000000000060e-01 3.386999999999999820e-03
7.918669999999999876e-01 4.043999999999999852e-03
8.014010000000000300e-01 4.598999999999999790e-03
8.114160000000000261e-01 5.133999999999999675e-03
8.206050000000000288e-01 5.577999999999999625e-03
8.302289999999999948e-01 5.995000000000000329e-03
8.390440000000000120e-01 6.330999999999999822e-03
8.482610000000000428e-01 6.636000000000000405e-03
8.585679999999999978e-01 6.914000000000000007e-03
8.673469999999999791e-01 7.095999999999999877e-03
8.752459999999999685e-01 7.212999999999999794e-03
8.835800000000000320e-01 7.285999999999999942e-03
8.910219999999999807e-01 7.302999999999999596e-03
8.988960000000000283e-01 7.267000000000000022e-03
9.072750000000000536e-01 7.147999999999999840e-03
9.148220000000000240e-01 6.971999999999999899e-03
9.210409999999999986e-01 6.784000000000000100e-03
9.280709999999999793e-01 6.518000000000000356e-03
9.337910000000000377e-01 6.259999999999999939e-03
9.405120000000000147e-01 5.904000000000000394e-03
9.466250000000000497e-01 5.527999999999999928e-03
9.517160000000000064e-01 5.176000000000000045e-03
9.571450000000000236e-01 4.758000000000000076e-03
9.627130000000000409e-01 4.283000000000000348e-03
9.674779999999999491e-01 3.837999999999999832e-03
9.714669999999999694e-01 3.439000000000000216e-03
9.756439999999999557e-01 2.991999999999999868e-03
9.798200000000000243e-01 2.520000000000000104e-03
9.833790000000000031e-01 2.093999999999999941e-03
9.867489999999999872e-01 1.673999999999999924e-03
9.896770000000000289e-01 1.294999999999999927e-03
9.922130000000000116e-01 9.560000000000000355e-04
9.948939999999999451e-01 5.869999999999999567e-04
9.968939999999999468e-01 3.049999999999999868e-04
9.985889999999999489e-01 6.200000000000000270e-05
1.000000000000000000e+00 -1.450000000000000009e-04
1.000000000000000000e+00 5.099999999999999960e-05
