1.000000000000000000e+00 6.200000000000000270e-05
1.000000000000000000e+00 3.099999999999999999e-04
9.986150000000000304e-01 6.750000000000000357e-04
9.969519999999999493e-01 1.113999999999999973e-03
9.946540000000000381e-01 1.721000000000000090e-03
9.923549999999999871e-01 2.328000000000000208e-03
9.898639999999999661e-01 2.984999999999999806e-03
9.869879999999999765e-01 3.742999999999999799e-03
9.836770000000000236e-01 4.614000000000000046e-03
9.801809999999999690e-01 5.530000000000000193e-03
9.760760000000000547e-01 6.597999999999999698e-03
9.719710000000000294e-01 7.659000000000000009e-03
9.671419999999999462e-01 8.895999999999999394e-03
9.623819999999999597e-01 1.010100000000000060e-02
9.578870000000000440e-01 1.122500000000000060e-02
9.522699999999999498e-01 1.260999999999999968e-02
9.464190000000000103e-01 1.403000000000000080e-02
9.399690000000000545e-01 1.556599999999999998e-02
9.348929999999999740e-01 1.675199999999999953e-02
9.278170000000000028e-01 1.837099999999999844e-02
9.210129999999999706e-01 1.988900000000000043e-02
9.146349999999999758e-01 2.127799999999999830e-02
9.073329999999999451e-01 2.282299999999999954e-02
8.987960000000000393e-01 2.458300000000000068e-02
8.909920000000000062e-01 2.614999999999999963e-02
8.835450000000000248e-01 2.759800000000000100e-02
8.752760000000000540e-01 2.915099999999999983e-02
8.673659999999999703e-01 3.058100000000000054e-02
8.586460000000000203e-01 3.209800000000000153e-02
8.483349999999999502e-01 3.381599999999999884e-02
8.391659999999999675e-01 3.528099999999999986e-02
8.303239999999999510e-01 3.664800000000000002e-02
8.207370000000000498e-01 3.809300000000000186e-02
8.115090000000000359e-01 3.946500000000000008e-02
8.015200000000000102e-01 4.095800000000000135e-02
7.899629999999999708e-01 4.274300000000000321e-02
7.793280000000000207e-01 4.449299999999999783e-02
7.696020000000000083e-01 4.619199999999999695e-02
7.585960000000000480e-01 4.821500000000000091e-02
7.485779999999999657e-01 5.012899999999999995e-02
7.372220000000000439e-01 5.235700000000000076e-02
7.269440000000000346e-01 5.439200000000000285e-02
7.147639999999999549e-01 5.677900000000000308e-02
7.024939999999999518e-01 5.909099999999999769e-02
6.920490000000000252e-01 6.092800000000000299e-02
6.797309999999999741e-01 6.286899999999999433e-02
6.691099999999999826e-01 6.428200000000000580e-02
6.565250000000000252e-01 6.558200000000000141e-02
6.431099999999999595e-01 6.654400000000000592e-02
6.329329999999999679e-01 6.702500000000000124e-02
6.193670000000000009e-01 6.738700000000000245e-02
6.065199999999999481e-01 6.749399999999999844e-02
5.953340000000000298e-01 6.744699999999999307e-02
5.822899999999999743e-01 6.728599999999999859e-02
5.710690000000000488e-01 6.709900000000000586e-02
5.578619999999999690e-01 6.688299999999999801e-02
5.466360000000000108e-01 6.674700000000000077e-02
5.333020000000000538e-01 6.665200000000000291e-02
5.193489999999999496e-01 6.661799999999999666e-02
5.086730000000000418e-01 6.662800000000000666e-02
4.947630000000000083e-01 6.667800000000000116e-02
4.813160000000000216e-01 6.675399999999999390e-02
4.702009999999999801e-01 6.682799999999999851e-02
4.567519999999999913e-01 6.692099999999999438e-02
4.457220000000000071e-01 6.699399999999999800e-02
4.323159999999999781e-01 6.706199999999999661e-02
4.186920000000000086e-01 6.708999999999999686e-02
4.080619999999999803e-01 6.706499999999999961e-02
3.945810000000000151e-01 6.695199999999999763e-02
3.840459999999999985e-01 6.678499999999999714e-02
3.707289999999999752e-01 6.645199999999999718e-02
3.576920000000000099e-01 6.597200000000000286e-02
3.471910000000000274e-01 6.545700000000000129e-02
3.343470000000000053e-01 6.465200000000000113e-02
3.215120000000000200e-01 6.364499999999999325e-02
3.114029999999999854e-01 6.274299999999999322e-02
2.988179999999999725e-01 6.153999999999999748e-02
2.889129999999999754e-01 6.057099999999999984e-02
2.766089999999999938e-01 5.938299999999999829e-02
2.644980000000000109e-01 5.827100000000000335e-02
2.549379999999999979e-01 5.745499999999999913e-02
2.431419999999999970e-01 5.654100000000000098e-02
2.315859999999999863e-01 5.575999999999999707e-02
2.223100000000000076e-01 5.521999999999999825e-02
2.112219999999999931e-01 5.467700000000000338e-02
2.022440000000000071e-01 5.430700000000000111e-02
1.915530000000000010e-01 5.389700000000000046e-02
1.808299999999999907e-01 5.346200000000000258e-02
1.726300000000000057e-01 5.308700000000000224e-02
1.623370000000000091e-01 5.253800000000000137e-02
1.544959999999999944e-01 5.204799999999999705e-02
1.446570000000000078e-01 5.133299999999999669e-02
1.353449999999999931e-01 5.054499999999999965e-02
1.278330000000000022e-01 4.982299999999999923e-02
1.190179999999999988e-01 4.887400000000000078e-02
1.102280000000000065e-01 4.780800000000000327e-02
1.036090000000000066e-01 4.692400000000000043e-02
9.534399999999999820e-02 4.571100000000000163e-02
8.915399999999999714e-02 4.471900000000000180e-02
8.143499999999999350e-02 4.337200000000000083e-02
7.423100000000000531e-02 4.199699999999999961e-02
6.853199999999999570e-02 4.081499999999999712e-02
6.189900000000000263e-02 3.932999999999999691e-02
5.666600000000000109e-02 3.805900000000000255e-02
5.061700000000000227e-02 3.647100000000000342e-02
4.475599999999999717e-02 3.478699999999999848e-02
4.041100000000000247e-02 3.343399999999999844e-02
3.516600000000000281e-02 3.164899999999999658e-02
3.032800000000000079e-02 2.983299999999999841e-02
2.669300000000000145e-02 2.832600000000000048e-02
2.247100000000000139e-02 2.639100000000000126e-02
1.935699999999999921e-02 2.479299999999999907e-02
1.576100000000000070e-02 2.272300000000000014e-02
1.257899999999999990e-02 2.060400000000000079e-02
1.022099999999999918e-02 1.880099999999999827e-02
7.697999999999999982e-03 1.654900000000000121e-02
5.866999999999999819e-03 1.462399999999999985e-02
4.000000000000000083e-03 1.224500000000000068e-02
2.413999999999999913e-03 9.669000000000000511e-03
1.495000000000000018e-03 7.718000000000000034e-03
6.030000000000000204e-04 5.062999999999999792e-03
1.279999999999999942e-04 2.480000000000000000e-03
-0.000000000000000000e+00 3.469999999999999777e-04
1.289999999999999914e-04 -1.786999999999999960e-03
6.040000000000000447e-04 -4.379000000000000080e-03
1.495000000000000018e-03 -7.049999999999999843e-03
2.410999999999999949e-03 -9.018999999999999240e-03
3.989000000000000358e-03 -1.163199999999999998e-02
5.845000000000000369e-03 -1.405799999999999932e-02
7.662000000000000408e-03 -1.603399999999999964e-02
1.016700000000000069e-02 -1.835900000000000032e-02
1.250700000000000076e-02 -2.023300000000000098e-02
1.566400000000000084e-02 -2.244700000000000167e-02
1.923199999999999910e-02 -2.462299999999999905e-02
2.232500000000000109e-02 -2.630400000000000099e-02
2.652099999999999944e-02 -2.833600000000000008e-02
3.110900000000000123e-02 -3.031000000000000014e-02
3.495299999999999796e-02 -3.179499999999999688e-02
4.018000000000000044e-02 -3.361999999999999711e-02
4.451299999999999701e-02 -3.498099999999999821e-02
5.036299999999999805e-02 -3.664400000000000296e-02
5.640400000000000275e-02 -3.817000000000000254e-02
6.163099999999999828e-02 -3.935999999999999915e-02
6.826100000000000223e-02 -4.070900000000000213e-02
7.541399999999999493e-02 -4.199100000000000055e-02
8.115899999999999503e-02 -4.289799999999999863e-02
8.887799999999999867e-02 -4.396499999999999714e-02
9.506799999999999973e-02 -4.469999999999999668e-02
1.033319999999999933e-01 -4.552900000000000003e-02
1.116309999999999941e-01 -4.619100000000000289e-02
1.187420000000000003e-01 -4.663099999999999884e-02
1.275580000000000047e-01 -4.701600000000000223e-02
1.350699999999999956e-01 -4.721199999999999702e-02
1.443820000000000103e-01 -4.728899999999999770e-02
1.542209999999999970e-01 -4.718800000000000078e-02
1.620610000000000106e-01 -4.698000000000000093e-02
1.723530000000000062e-01 -4.655900000000000316e-02
1.826180000000000025e-01 -4.599899999999999822e-02
1.912739999999999996e-01 -4.545300000000000035e-02
2.019630000000000036e-01 -4.474399999999999905e-02
2.109389999999999876e-01 -4.418300000000000005e-02
2.221200000000000119e-01 -4.361700000000000299e-02
2.335710000000000008e-01 -4.322499999999999953e-02
2.428530000000000133e-01 -4.304700000000000193e-02
2.546470000000000122e-01 -4.299900000000000250e-02
2.642039999999999944e-01 -4.309899999999999842e-02
2.763120000000000021e-01 -4.338600000000000095e-02
2.886139999999999817e-01 -4.382699999999999790e-02
2.985169999999999768e-01 -4.426100000000000173e-02
3.111010000000000164e-01 -4.485700000000000104e-02
3.237180000000000057e-01 -4.543900000000000022e-02
3.340420000000000056e-01 -4.584200000000000080e-02
3.468829999999999969e-01 -4.619899999999999701e-02
3.573810000000000042e-01 -4.636500000000000343e-02
3.704120000000000190e-01 -4.642199999999999799e-02
3.837189999999999768e-01 -4.631400000000000100e-02
3.942410000000000081e-01 -4.611799999999999927e-02
4.077020000000000088e-01 -4.573499999999999788e-02
4.209959999999999813e-01 -4.522400000000000031e-02
4.318980000000000041e-01 -4.472099999999999687e-02
4.452599999999999891e-01 -4.401200000000000251e-02
4.562470000000000137e-01 -4.336799999999999683e-02
4.696339999999999959e-01 -4.249700000000000005e-02
4.834019999999999984e-01 -4.150199999999999723e-02
4.940599999999999992e-01 -4.065200000000000063e-02
5.078799999999999981e-01 -3.944899999999999796e-02
5.212059999999999471e-01 -3.816499999999999754e-02
5.323320000000000274e-01 -3.700200000000000017e-02
5.455640000000000489e-01 -3.549499999999999877e-02
5.567020000000000302e-01 -3.412300000000000055e-02
5.698039999999999772e-01 -3.237899999999999806e-02
5.834570000000000034e-01 -3.043099999999999972e-02
5.938750000000000417e-01 -2.886199999999999877e-02
6.074509999999999632e-01 -2.673000000000000029e-02
6.203840000000000465e-01 -2.461599999999999899e-02
6.311890000000000001e-01 -2.280199999999999935e-02
6.441249999999999476e-01 -2.058300000000000060e-02
6.569869999999999877e-01 -1.834399999999999920e-02
6.677840000000000442e-01 -1.645200000000000135e-02
6.799929999999999586e-01 -1.431400000000000033e-02
6.906390000000000029e-01 -1.247200000000000045e-02
7.025780000000000358e-01 -1.045199999999999949e-02
7.154690000000000216e-01 -8.352000000000000049e-03
7.268700000000000161e-01 -6.582000000000000177e-03
7.373060000000000169e-01 -5.048000000000000403e-03
7.483880000000000532e-01 -3.517000000000000161e-03
7.585819999999999785e-01 -2.203999999999999796e-03
7.693280000000000118e-01 -9.240000000000000166e-04
7.814780000000000060e-01 3.959999999999999762e-04
7.918669999999999876e-01 1.418999999999999906e-03
8.014010000000000300e-01 2.271000000000000015e-03
8.114160000000000261e-01 3.079999999999999839e-03
8.206050000000000288e-01 3.743999999999999932e-03
8.302289999999999948e-01 4.361000000000000293e-03
8.390440000000000120e-01 4.856000000000000073e-03
8.482610000000000428e-01 5.304999999999999820e-03
8.585679999999999978e-01 5.722999999999999789e-03
8.673469999999999791e-01 6.009999999999999717e-03
8.752459999999999685e-01 6.211999999999999640e-03
8.835800000000000320e-01 6.368000000000000396e-03
8.910219999999999807e-01 6.453999999999999668e-03
8.988960000000000283e-01 6.486999999999999711e-03
9.072750000000000536e-01 6.440999999999999677e-03
9.148220000000000240e-01 6.329000000000000424e-03
9.210409999999999986e-01 6.191999999999999588e-03
9.280709999999999793e-01 5.983999999999999736e-03
9.337910000000000377e-01 5.772000000000000221e-03
9.405120000000000147e-01 5.470000000000000036e-03
9.466250000000000497e-01 5.143000000000000002e-03
9.517160000000000064e-01 4.831000000000000225e-03
9.571450000000000236e-01 4.454999999999999759e-03
9.627130000000000409e-01 4.022999999999999667e-03
9.674779999999999491e-01 3.612999999999999892e-03
9.714669999999999694e-01 3.240999999999999957e-03
9.756439999999999557e-01 2.822999999999999989e-03
9.798200000000000243e-01 2.377999999999999906e-03
9.833790000000000031e-01 1.974000000000000060e-03
9.867489999999999872e-01 1.572999999999999962e-03
9.896770000000000289e-01 1.209000000000000005e-03
9.922130000000000116e-01 8.829999999999999958e-04
9.948939999999999451e-01 5.270000000000000162e-04
9.968939999999999468e-01 2.530000000000000239e-04
9.985889999999999489e-01 1.599999999999999928e-05
1.000000000000000000e+00 -1.849999999999999973e-04
1.000000000000000000e+00 6.200000000000000270e-05
