1.000000000000000000e+00 6.999999999999999387e-05
1.000000000000000000e+00 3.510000000000000208e-04
9.986150000000000304e-01 7.320000000000000118e-04
9.969519999999999493e-01 1.188000000000000037e-03
9.946540000000000381e-01 1.814999999999999990e-03
9.923549999999999871e-01 2.439000000000000196e-03
9.898639999999999661e-01 3.112000000000000183e-03
9.869879999999999765e-01 3.884999999999999998e-03
9.836770000000000236e-01 4.771000000000000067e-03
9.801809999999999690e-01 5.699000000000000073e-03
9.760760000000000547e-01 6.779999999999999569e-03
9.719710000000000294e-01 7.851999999999999605e-03
9.671419999999999462e-01 9.098000000000000184e-03
9.623819999999999597e-01 1.031299999999999925e-02
9.578870000000000440e-01 1.144500000000000031e-02
9.522699999999999498e-01 1.284199999999999925e-02
9.464190000000000103e-01 1.427400000000000023e-02
9.399690000000000545e-01 1.582599999999999979e-02
9.348929999999999740e-01 1.702700000000000047e-02
9.278170000000000028e-01 1.867100000000000010e-02
9.210129999999999706e-01 2.021600000000000133e-02
9.146349999999999758e-01 2.163400000000000045e-02
9.073329999999999451e-01 2.321900000000000006e-02
8.987960000000000393e-01 2.503199999999999870e-02
8.909920000000000062e-01 2.665599999999999914e-02
8.835450000000000248e-01 2.816600000000000006e-02
8.752760000000000540e-01 2.979499999999999857e-02
8.673659999999999703e-01 3.130499999999999949e-02
8.586460000000000203e-01 3.291899999999999687e-02
8.483349999999999502e-01 3.475999999999999923e-02
8.391659999999999675e-01 3.634400000000000130e-02
8.303239999999999510e-01 3.782800000000000051e-02
8.207370000000000498e-01 3.940199999999999952e-02
8.115090000000000359e-01 4.089399999999999979e-02
8.015200000000000102e-01 4.250700000000000311e-02
7.899629999999999708e-01 4.440500000000000003e-02
7.793280000000000207e-01 4.621999999999999720e-02
7.696020000000000083e-01 4.794199999999999851e-02
7.585960000000000480e-01 4.994900000000000034e-02
7.485779999999999657e-01 5.181199999999999695e-02
7.372220000000000439e-01 5.394100000000000283e-02
7.269440000000000346e-01 5.585500000000000187e-02
7.147639999999999549e-01 5.806499999999999856e-02
7.024939999999999518e-01 6.017100000000000226e-02
6.920490000000000252e-01 6.182200000000000195e-02
6.797309999999999741e-01 6.353799999999999726e-02
6.691099999999999826e-01 6.476800000000000612e-02
6.565250000000000252e-01 6.587300000000000100e-02
6.431099999999999595e-01 6.666400000000000103e-02
6.329329999999999679e-01 6.704100000000000337e-02
6.193670000000000009e-01 6.729999999999999871e-02
6.065199999999999481e-01 6.735399999999999721e-02
5.953340000000000298e-01 6.729599999999999471e-02
5.822899999999999743e-01 6.716700000000000448e-02
5.710690000000000488e-01 6.704899999999999749e-02
5.578619999999999690e-01 6.696599999999999775e-02
5.466360000000000108e-01 6.698700000000000487e-02
5.333020000000000538e-01 6.711799999999999711e-02
5.193489999999999496e-01 6.734099999999999808e-02
5.086730000000000418e-01 6.754599999999999493e-02
4.947630000000000083e-01 6.782199999999999340e-02
4.813160000000000216e-01 6.806500000000000050e-02
4.702009999999999801e-01 6.822100000000000386e-02
4.567519999999999913e-01 6.832299999999999485e-02
4.457220000000000071e-01 6.831299999999999872e-02
4.323159999999999781e-01 6.815999999999999837e-02
4.186920000000000086e-01 6.785599999999999965e-02
4.080619999999999803e-01 6.752400000000000069e-02
3.945810000000000151e-01 6.699900000000000300e-02
3.840459999999999985e-01 6.651600000000000568e-02
3.707289999999999752e-01 6.582499999999999463e-02
3.576920000000000099e-01 6.507499999999999396e-02
3.471910000000000274e-01 6.442599999999999716e-02
3.343470000000000053e-01 6.358700000000000463e-02
3.215120000000000200e-01 6.271000000000000185e-02
3.114029999999999854e-01 6.199600000000000249e-02
2.988179999999999725e-01 6.108399999999999941e-02
2.889129999999999754e-01 6.035100000000000187e-02
2.766089999999999938e-01 5.942399999999999766e-02
2.644980000000000109e-01 5.849200000000000232e-02
2.549379999999999979e-01 5.774399999999999672e-02
2.431419999999999970e-01 5.680199999999999833e-02
2.315859999999999863e-01 5.585600000000000287e-02
2.223100000000000076e-01 5.507599999999999996e-02
2.112219999999999931e-01 5.411799999999999944e-02
2.022440000000000071e-01 5.331700000000000328e-02
1.915530000000000010e-01 5.233199999999999658e-02
1.808299999999999907e-01 5.130900000000000044e-02
1.726300000000000057e-01 5.050299999999999928e-02
1.623370000000000091e-01 4.945800000000000196e-02
1.544959999999999944e-01 4.863499999999999768e-02
1.446570000000000078e-01 4.756699999999999817e-02
1.353449999999999931e-01 4.651500000000000079e-02
1.278330000000000022e-01 4.563299999999999995e-02
1.190179999999999988e-01 4.455599999999999838e-02
1.102280000000000065e-01 4.342900000000000232e-02
1.036090000000000066e-01 4.254100000000000242e-02
9.534399999999999820e-02 4.137400000000000105e-02
8.915399999999999714e-02 4.045499999999999791e-02
8.143499999999999350e-02 3.923999999999999710e-02
7.423100000000000531e-02 3.803200000000000330e-02
6.853199999999999570e-02 3.701200000000000323e-02
6.189900000000000263e-02 3.574600000000000000e-02
5.666600000000000109e-02 3.467300000000000243e-02
5.061700000000000227e-02 3.334000000000000158e-02
4.475599999999999717e-02 3.192899999999999905e-02
4.041100000000000247e-02 3.079600000000000046e-02
3.516600000000000281e-02 2.929500000000000159e-02
3.032800000000000079e-02 2.775800000000000142e-02
2.669300000000000145e-02 2.647100000000000147e-02
2.247100000000000139e-02 2.480399999999999966e-02
1.935699999999999921e-02 2.340899999999999925e-02
1.576100000000000070e-02 2.158200000000000049e-02
1.257899999999999990e-02 1.968200000000000158e-02
1.022099999999999918e-02 1.804300000000000001e-02
7.697999999999999982e-03 1.596799999999999956e-02
5.866999999999999819e-03 1.417099999999999957e-02
4.000000000000000083e-03 1.192099999999999931e-02
2.413999999999999913e-03 9.452999999999999597e-03
1.495000000000000018e-03 7.564000000000000411e-03
6.030000000000000204e-04 4.968000000000000194e-03
1.279999999999999942e-04 2.418000000000000010e-03
-0.000000000000000000e+00 2.970000000000000092e-04
1.289999999999999914e-04 -1.835999999999999958e-03
6.040000000000000447e-04 -4.439000000000000237e-03
1.495000000000000018e-03 -7.134999999999999849e-03
2.410999999999999949e-03 -9.129999999999999227e-03
3.989000000000000358e-03 -1.178200000000000081e-02
5.845000000000000369e-03 -1.425099999999999978e-02
7.662000000000000408e-03 -1.626700000000000021e-02
1.016700000000000069e-02 -1.864299999999999985e-02
1.250700000000000076e-02 -2.056300000000000142e-02
1.566400000000000084e-02 -2.283800000000000066e-02
1.923199999999999910e-02 -2.508300000000000113e-02
2.232500000000000109e-02 -2.682500000000000162e-02
2.652099999999999944e-02 -2.894400000000000098e-02
3.110900000000000123e-02 -3.101800000000000043e-02
3.495299999999999796e-02 -3.259200000000000291e-02
4.018000000000000044e-02 -3.454499999999999932e-02
4.451299999999999701e-02 -3.602000000000000340e-02
5.036299999999999805e-02 -3.784499999999999670e-02
5.640400000000000275e-02 -3.955100000000000282e-02
6.163099999999999828e-02 -4.090699999999999892e-02
6.826100000000000223e-02 -4.247700000000000087e-02
7.541399999999999493e-02 -4.401299999999999657e-02
8.115899999999999503e-02 -4.513299999999999951e-02
8.887799999999999867e-02 -4.649999999999999967e-02
9.506799999999999973e-02 -4.748499999999999943e-02
1.033319999999999933e-01 -4.866000000000000186e-02
1.116309999999999941e-01 -4.968199999999999700e-02
1.187420000000000003e-01 -5.043700000000000266e-02
1.275580000000000047e-01 -5.122000000000000164e-02
1.350699999999999956e-01 -5.175799999999999845e-02
1.443820000000000103e-01 -5.225799999999999890e-02
1.542209999999999970e-01 -5.259400000000000186e-02
1.620610000000000106e-01 -5.272099999999999703e-02
1.723530000000000062e-01 -5.270600000000000285e-02
1.826180000000000025e-01 -5.249399999999999900e-02
1.912739999999999996e-01 -5.217600000000000016e-02
2.019630000000000036e-01 -5.163700000000000234e-02
2.109389999999999876e-01 -5.108800000000000147e-02
2.221200000000000119e-01 -5.033499999999999780e-02
2.335710000000000008e-01 -4.950999999999999845e-02
2.428530000000000133e-01 -4.881100000000000022e-02
2.546470000000000122e-01 -4.790099999999999913e-02
2.642039999999999944e-01 -4.715600000000000347e-02
2.763120000000000021e-01 -4.622199999999999920e-02
2.886139999999999817e-01 -4.530100000000000099e-02
2.985169999999999768e-01 -4.459699999999999775e-02
3.111010000000000164e-01 -4.376300000000000329e-02
3.237180000000000057e-01 -4.302000000000000268e-02
3.340420000000000056e-01 -4.248699999999999699e-02
3.468829999999999969e-01 -4.192799999999999999e-02
3.573810000000000042e-01 -4.154000000000000054e-02
3.704120000000000190e-01 -4.112600000000000283e-02
3.837189999999999768e-01 -4.075600000000000056e-02
3.942410000000000081e-01 -4.048399999999999915e-02
4.077020000000000088e-01 -4.014500000000000013e-02
4.209959999999999813e-01 -3.979800000000000004e-02
4.318980000000000041e-01 -3.949099999999999833e-02
4.452599999999999891e-01 -3.906899999999999956e-02
4.562470000000000137e-01 -3.867600000000000204e-02
4.696339999999999959e-01 -3.813099999999999823e-02
4.834019999999999984e-01 -3.749500000000000055e-02
4.940599999999999992e-01 -3.694299999999999667e-02
5.078799999999999981e-01 -3.615499999999999964e-02
5.212059999999999471e-01 -3.530500000000000305e-02
5.323320000000000274e-01 -3.453200000000000019e-02
5.455640000000000489e-01 -3.352600000000000025e-02
5.567020000000000302e-01 -3.260799999999999810e-02
5.698039999999999772e-01 -3.143599999999999867e-02
5.834570000000000034e-01 -3.011899999999999994e-02
5.938750000000000417e-01 -2.904800000000000090e-02
6.074509999999999632e-01 -2.757700000000000082e-02
6.203840000000000465e-01 -2.609699999999999867e-02
6.311890000000000001e-01 -2.480800000000000019e-02
6.441249999999999476e-01 -2.320300000000000140e-02
6.569869999999999877e-01 -2.154999999999999971e-02
6.677840000000000442e-01 -2.012299999999999853e-02
6.799929999999999586e-01 -1.847400000000000084e-02
6.906390000000000029e-01 -1.701099999999999834e-02
7.025780000000000358e-01 -1.535199999999999933e-02
7.154690000000000216e-01 -1.354700000000000001e-02
7.268700000000000161e-01 -1.194899999999999955e-02
7.373060000000000169e-01 -1.049199999999999959e-02
7.483880000000000532e-01 -8.958000000000000684e-03
7.585819999999999785e-01 -7.564999999999999676e-03
7.693280000000000118e-01 -6.119999999999999572e-03
7.814780000000000060e-01 -4.518999999999999580e-03
7.918669999999999876e-01 -3.181999999999999933e-03
8.014010000000000300e-01 -1.990000000000000015e-03
8.114160000000000261e-01 -7.929999999999999766e-04
8.206050000000000288e-01 2.410000000000000033e-04
8.302289999999999948e-01 1.247000000000000062e-03
8.390440000000000120e-01 2.090999999999999977e-03
8.482610000000000428e-01 2.889000000000000075e-03
8.585679999999999978e-01 3.673000000000000050e-03
8.673469999999999791e-01 4.248000000000000040e-03
8.752459999999999685e-01 4.688999999999999592e-03
8.835800000000000320e-01 5.074000000000000385e-03
8.910219999999999807e-01 5.344999999999999925e-03
8.988960000000000283e-01 5.555000000000000042e-03
9.072750000000000536e-01 5.674000000000000224e-03
9.148220000000000240e-01 5.690999999999999878e-03
9.210409999999999986e-01 5.648000000000000242e-03
9.280709999999999793e-01 5.533999999999999857e-03
9.337910000000000377e-01 5.388999999999999693e-03
9.405120000000000147e-01 5.155999999999999993e-03
9.466250000000000497e-01 4.884000000000000320e-03
9.517160000000000064e-01 4.610999999999999648e-03
9.571450000000000236e-01 4.271999999999999756e-03
9.627130000000000409e-01 3.873000000000000140e-03
9.674779999999999491e-01 3.487000000000000082e-03
9.714669999999999694e-01 3.132999999999999934e-03
9.756439999999999557e-01 2.732000000000000053e-03
9.798200000000000243e-01 2.301000000000000094e-03
9.833790000000000031e-01 1.909000000000000107e-03
9.867489999999999872e-01 1.518000000000000035e-03
9.896770000000000289e-01 1.160999999999999923e-03
9.922130000000000116e-01 8.409999999999999507e-04
9.948939999999999451e-01 4.910000000000000085e-04
9.968939999999999468e-01 2.210000000000000050e-04
9.985889999999999489e-01 -1.299999999999999920e-05
1.000000000000000000e+00 -2.110000000000000059e-04
1.000000000000000000e+00 6.999999999999999387e-05
