1.000000000000000000e+00 1.399999999999999979e-05
1.000000000000000000e+00 4.840000000000000010e-04
9.986150000000000304e-01 8.199999999999999824e-04
9.969519999999999493e-01 1.214000000000000018e-03
9.946540000000000381e-01 1.744000000000000107e-03
9.923549999999999871e-01 2.262000000000000122e-03
9.898639999999999661e-01 2.808999999999999865e-03
9.869879999999999765e-01 3.428000000000000057e-03
9.836770000000000236e-01 4.125000000000000194e-03
9.801809999999999690e-01 4.845999999999999613e-03
9.760760000000000547e-01 5.676999999999999755e-03
9.719710000000000294e-01 6.493999999999999773e-03
9.671419999999999462e-01 7.440000000000000432e-03
9.623819999999999597e-01 8.359000000000000111e-03
9.578870000000000440e-01 9.218000000000000499e-03
9.522699999999999498e-01 1.027999999999999921e-02
9.464190000000000103e-01 1.137699999999999996e-02
9.399690000000000545e-01 1.257899999999999990e-02
9.348929999999999740e-01 1.352100000000000003e-02
9.278170000000000028e-01 1.482900000000000017e-02
9.210129999999999706e-01 1.608199999999999907e-02
9.146349999999999758e-01 1.725600000000000050e-02
9.073329999999999451e-01 1.859699999999999895e-02
8.987960000000000393e-01 2.018100000000000102e-02
8.909920000000000062e-01 2.164999999999999911e-02
8.835450000000000248e-01 2.305700000000000111e-02
8.752760000000000540e-01 2.462400000000000005e-02
8.673659999999999703e-01 2.612799999999999845e-02
8.586460000000000203e-01 2.778800000000000020e-02
8.483349999999999502e-01 2.975399999999999920e-02
8.391659999999999675e-01 3.150000000000000022e-02
8.303239999999999510e-01 3.317400000000000210e-02
8.207370000000000498e-01 3.497000000000000108e-02
8.115090000000000359e-01 3.666400000000000214e-02
8.015200000000000102e-01 3.844000000000000195e-02
7.899629999999999708e-01 4.038400000000000323e-02
7.793280000000000207e-01 4.203199999999999992e-02
7.696020000000000083e-01 4.340999999999999720e-02
7.585960000000000480e-01 4.483000000000000179e-02
7.485779999999999657e-01 4.600499999999999728e-02
7.372220000000000439e-01 4.721700000000000202e-02
7.269440000000000346e-01 4.822200000000000097e-02
7.147639999999999549e-01 4.933099999999999985e-02
7.024939999999999518e-01 5.040000000000000036e-02
6.920490000000000252e-01 5.130699999999999844e-02
6.797309999999999741e-01 5.242200000000000332e-02
6.691099999999999826e-01 5.346100000000000158e-02
6.565250000000000252e-01 5.482499999999999873e-02
6.431099999999999595e-01 5.640799999999999981e-02
6.329329999999999679e-01 5.766099999999999698e-02
6.193670000000000009e-01 5.934500000000000192e-02
6.065199999999999481e-01 6.090099999999999680e-02
5.953340000000000298e-01 6.217600000000000210e-02
5.822899999999999743e-01 6.351900000000000601e-02
5.710690000000000488e-01 6.450300000000000478e-02
5.578619999999999690e-01 6.540600000000000580e-02
5.466360000000000108e-01 6.592000000000000637e-02
5.333020000000000538e-01 6.623800000000000521e-02
5.193489999999999496e-01 6.628000000000000558e-02
5.086730000000000418e-01 6.614200000000000634e-02
4.947630000000000083e-01 6.578699999999999826e-02
4.813160000000000216e-01 6.529799999999999494e-02
4.702009999999999801e-01 6.482200000000000462e-02
4.567519999999999913e-01 6.419600000000000306e-02
4.457220000000000071e-01 6.367599999999999649e-02
4.323159999999999781e-01 6.306499999999999606e-02
4.186920000000000086e-01 6.248200000000000282e-02
4.080619999999999803e-01 6.205399999999999805e-02
3.945810000000000151e-01 6.155000000000000054e-02
3.840459999999999985e-01 6.118699999999999833e-02
3.707289999999999752e-01 6.076800000000000257e-02
3.576920000000000099e-01 6.040399999999999936e-02
3.471910000000000274e-01 6.014499999999999708e-02
3.343470000000000053e-01 5.987399999999999667e-02
3.215120000000000200e-01 5.965100000000000263e-02
3.114029999999999854e-01 5.949499999999999927e-02
2.988179999999999725e-01 5.929899999999999755e-02
2.889129999999999754e-01 5.912499999999999700e-02
2.766089999999999938e-01 5.886199999999999766e-02
2.644980000000000109e-01 5.852899999999999769e-02
2.549379999999999979e-01 5.819900000000000073e-02
2.431419999999999970e-01 5.769599999999999729e-02
2.315859999999999863e-01 5.708499999999999686e-02
2.223100000000000076e-01 5.650199999999999667e-02
2.112219999999999931e-01 5.568900000000000239e-02
2.022440000000000071e-01 5.493399999999999672e-02
1.915530000000000010e-01 5.392199999999999771e-02
1.808299999999999907e-01 5.278800000000000159e-02
1.726300000000000057e-01 5.184400000000000119e-02
1.623370000000000091e-01 5.056399999999999784e-02
1.544959999999999944e-01 4.952000000000000152e-02
1.446570000000000078e-01 4.812700000000000311e-02
1.353449999999999931e-01 4.672300000000000064e-02
1.278330000000000022e-01 4.552799999999999903e-02
1.190179999999999988e-01 4.405400000000000288e-02
1.102280000000000065e-01 4.250099999999999711e-02
1.036090000000000066e-01 4.127399999999999819e-02
9.534399999999999820e-02 3.966700000000000087e-02
8.915399999999999714e-02 3.840500000000000164e-02
8.143499999999999350e-02 3.675300000000000095e-02
7.423100000000000531e-02 3.512699999999999850e-02
6.853199999999999570e-02 3.377499999999999947e-02
6.189900000000000263e-02 3.212099999999999678e-02
5.666600000000000109e-02 3.074700000000000003e-02
5.061700000000000227e-02 2.907399999999999915e-02
4.475599999999999717e-02 2.734999999999999931e-02
4.041100000000000247e-02 2.599999999999999881e-02
3.516600000000000281e-02 2.426700000000000038e-02
3.032800000000000079e-02 2.255300000000000013e-02
2.669300000000000145e-02 2.116900000000000032e-02
2.247100000000000139e-02 1.944099999999999995e-02
1.935699999999999921e-02 1.805400000000000060e-02
1.576100000000000070e-02 1.630900000000000058e-02
1.257899999999999990e-02 1.458100000000000021e-02
1.022099999999999918e-02 1.315200000000000050e-02
7.697999999999999982e-03 1.141900000000000033e-02
5.866999999999999819e-03 9.976000000000000492e-03
4.000000000000000083e-03 8.238000000000000531e-03
2.413999999999999913e-03 6.402999999999999838e-03
1.495000000000000018e-03 5.037999999999999944e-03
6.030000000000000204e-04 3.207999999999999914e-03
1.279999999999999942e-04 1.446000000000000020e-03
-0.000000000000000000e+00 -3.000000000000000076e-06
1.289999999999999914e-04 -1.453999999999999997e-03
6.040000000000000447e-04 -3.226000000000000135e-03
1.495000000000000018e-03 -5.075999999999999783e-03
2.410999999999999949e-03 -6.461999999999999862e-03
3.989000000000000358e-03 -8.338999999999999191e-03
5.845000000000000369e-03 -1.012900000000000085e-02
7.662000000000000408e-03 -1.162599999999999918e-02
1.016700000000000069e-02 -1.343699999999999929e-02
1.250700000000000076e-02 -1.494099999999999942e-02
1.566400000000000084e-02 -1.677299999999999972e-02
1.923199999999999910e-02 -1.863599999999999979e-02
2.232500000000000109e-02 -2.011900000000000147e-02
2.652099999999999944e-02 -2.197100000000000095e-02
3.110900000000000123e-02 -2.383100000000000149e-02
3.495299999999999796e-02 -2.527499999999999886e-02
4.018000000000000044e-02 -2.710500000000000062e-02
4.451299999999999701e-02 -2.851599999999999968e-02
5.036299999999999805e-02 -3.029600000000000001e-02
5.640400000000000275e-02 -3.199599999999999667e-02
6.163099999999999828e-02 -3.337199999999999889e-02
6.826100000000000223e-02 -3.499700000000000033e-02
7.541399999999999493e-02 -3.662300000000000277e-02
8.115899999999999503e-02 -3.783700000000000258e-02
8.887799999999999867e-02 -3.935700000000000309e-02
9.506799999999999973e-02 -4.048600000000000115e-02
1.033319999999999933e-01 -4.188399999999999762e-02
1.116309999999999941e-01 -4.316500000000000198e-02
1.187420000000000003e-01 -4.417399999999999799e-02
1.275580000000000047e-01 -4.531400000000000011e-02
1.350699999999999956e-01 -4.619499999999999995e-02
1.443820000000000103e-01 -4.717799999999999772e-02
1.542209999999999970e-01 -4.809999999999999692e-02
1.620610000000000106e-01 -4.875499999999999973e-02
1.723530000000000062e-01 -4.952399999999999858e-02
1.826180000000000025e-01 -5.020800000000000263e-02
1.912739999999999996e-01 -5.074200000000000238e-02
2.019630000000000036e-01 -5.138000000000000206e-02
2.109389999999999876e-01 -5.192900000000000293e-02
2.221200000000000119e-01 -5.267600000000000060e-02
2.335710000000000008e-01 -5.351899999999999713e-02
2.428530000000000133e-01 -5.424699999999999661e-02
2.546470000000000122e-01 -5.520699999999999913e-02
2.642039999999999944e-01 -5.599099999999999910e-02
2.763120000000000021e-01 -5.695399999999999768e-02
2.886139999999999817e-01 -5.783800000000000052e-02
2.985169999999999768e-01 -5.843399999999999983e-02
3.111010000000000164e-01 -5.896699999999999858e-02
3.237180000000000057e-01 -5.916799999999999837e-02
3.340420000000000056e-01 -5.901499999999999801e-02
3.468829999999999969e-01 -5.839099999999999846e-02
3.573810000000000042e-01 -5.756900000000000212e-02
3.704120000000000190e-01 -5.624099999999999933e-02
3.837189999999999768e-01 -5.462999999999999801e-02
3.942410000000000081e-01 -5.324399999999999966e-02
4.077020000000000088e-01 -5.142599999999999949e-02
4.209959999999999813e-01 -4.968299999999999800e-02
4.318980000000000041e-01 -4.837600000000000233e-02
4.452599999999999891e-01 -4.701999999999999930e-02
4.562470000000000137e-01 -4.616900000000000170e-02
4.696339999999999959e-01 -4.541499999999999704e-02
4.834019999999999984e-01 -4.490199999999999747e-02
4.940599999999999992e-01 -4.463799999999999712e-02
5.078799999999999981e-01 -4.441699999999999815e-02
5.212059999999999471e-01 -4.426100000000000173e-02
5.323320000000000274e-01 -4.413399999999999962e-02
5.455640000000000489e-01 -4.392200000000000271e-02
5.567020000000000302e-01 -4.365499999999999936e-02
5.698039999999999772e-01 -4.319100000000000023e-02
5.834570000000000034e-01 -4.254899999999999655e-02
5.938750000000000417e-01 -4.195700000000000124e-02
6.074509999999999632e-01 -4.107000000000000234e-02
6.203840000000000465e-01 -4.011100000000000082e-02
6.311890000000000001e-01 -3.923600000000000004e-02
6.441249999999999476e-01 -3.810700000000000198e-02
6.569869999999999877e-01 -3.690800000000000330e-02
6.677840000000000442e-01 -3.585100000000000092e-02
6.799929999999999586e-01 -3.460300000000000181e-02
6.906390000000000029e-01 -3.346099999999999769e-02
7.025780000000000358e-01 -3.210999999999999965e-02
7.154690000000000216e-01 -3.056299999999999989e-02
7.268700000000000161e-01 -2.911199999999999899e-02
7.373060000000000169e-01 -2.771799999999999958e-02
7.483880000000000532e-01 -2.617099999999999982e-02
7.585819999999999785e-01 -2.469400000000000067e-02
7.693280000000000118e-01 -2.308599999999999888e-02
7.814780000000000060e-01 -2.121500000000000122e-02
7.918669999999999876e-01 -1.958000000000000018e-02
8.014010000000000300e-01 -1.806200000000000166e-02
8.114160000000000261e-01 -1.646399999999999947e-02
8.206050000000000288e-01 -1.501000000000000077e-02
8.302289999999999948e-01 -1.350999999999999944e-02
8.390440000000000120e-01 -1.216899999999999926e-02
8.482610000000000428e-01 -1.080700000000000063e-02
8.585679999999999978e-01 -9.346000000000000141e-03
8.673469999999999791e-01 -8.158000000000000321e-03
8.752459999999999685e-01 -7.139999999999999646e-03
8.835800000000000320e-01 -6.120999999999999705e-03
8.910219999999999807e-01 -5.264999999999999715e-03
8.988960000000000283e-01 -4.415999999999999787e-03
9.072750000000000536e-01 -3.602000000000000167e-03
9.148220000000000240e-01 -2.942999999999999870e-03
9.210409999999999986e-01 -2.443999999999999992e-03
9.280709999999999793e-01 -1.930999999999999991e-03
9.337910000000000377e-01 -1.556000000000000091e-03
9.405120000000000147e-01 -1.165000000000000020e-03
9.466250000000000497e-01 -8.589999999999999546e-04
9.517160000000000064e-01 -6.419999999999999925e-04
9.571450000000000236e-01 -4.499999999999999877e-04
9.627130000000000409e-01 -2.959999999999999849e-04
9.674779999999999491e-01 -2.020000000000000040e-04
9.714669999999999694e-01 -1.479999999999999925e-04
9.756439999999999557e-01 -1.190000000000000058e-04
9.798200000000000243e-01 -1.140000000000000063e-04
9.833790000000000031e-01 -1.320000000000000101e-04
9.867489999999999872e-01 -1.640000000000000019e-04
9.896770000000000289e-01 -2.069999999999999900e-04
9.922130000000000116e-01 -2.530000000000000239e-04
9.948939999999999451e-01 -3.119999999999999944e-04
9.968939999999999468e-01 -3.640000000000000115e-04
9.985889999999999489e-01 -4.119999999999999856e-04
1.000000000000000000e+00 -4.560000000000000251e-04
1.000000000000000000e+00 1.399999999999999979e-05
