1.000000000000000000e+00 4.399999999999999886e-05
1.000000000000000000e+00 2.110000000000000059e-04
9.986150000000000304e-01 5.379999999999999583e-04
9.969519999999999493e-01 9.349999999999999587e-04
9.946540000000000381e-01 1.490000000000000005e-03
9.923549999999999871e-01 2.052000000000000005e-03
9.898639999999999661e-01 2.665999999999999967e-03
9.869879999999999765e-01 3.380999999999999891e-03
9.836770000000000236e-01 4.206999999999999802e-03
9.801809999999999690e-01 5.082999999999999845e-03
9.760760000000000547e-01 6.109999999999999980e-03
9.719710000000000294e-01 7.133999999999999717e-03
9.671419999999999462e-01 8.330999999999999864e-03
9.623819999999999597e-01 9.499000000000000499e-03
9.578870000000000440e-01 1.058800000000000019e-02
9.522699999999999498e-01 1.192999999999999963e-02
9.464190000000000103e-01 1.330199999999999959e-02
9.399690000000000545e-01 1.477999999999999974e-02
9.348929999999999740e-01 1.591499999999999859e-02
9.278170000000000028e-01 1.745599999999999929e-02
9.210129999999999706e-01 1.888899999999999954e-02
9.146349999999999758e-01 2.018599999999999908e-02
9.073329999999999451e-01 2.161300000000000027e-02
8.987960000000000393e-01 2.321199999999999999e-02
8.909920000000000062e-01 2.461100000000000093e-02
8.835450000000000248e-01 2.587800000000000170e-02
8.752760000000000540e-01 2.720399999999999902e-02
8.673659999999999703e-01 2.839099999999999957e-02
8.586460000000000203e-01 2.960700000000000137e-02
8.483349999999999502e-01 3.092299999999999910e-02
8.391659999999999675e-01 3.198700000000000154e-02
8.303239999999999510e-01 3.292599999999999694e-02
8.207370000000000498e-01 3.386200000000000321e-02
8.115090000000000359e-01 3.469900000000000068e-02
8.015200000000000102e-01 3.556900000000000339e-02
7.899629999999999708e-01 3.658299999999999746e-02
7.793280000000000207e-01 3.758700000000000235e-02
7.696020000000000083e-01 3.858199999999999824e-02
7.585960000000000480e-01 3.979400000000000298e-02
7.485779999999999657e-01 4.096700000000000341e-02
7.372220000000000439e-01 4.236499999999999988e-02
7.269440000000000346e-01 4.367700000000000055e-02
7.147639999999999549e-01 4.526399999999999868e-02
7.024939999999999518e-01 4.686400000000000288e-02
6.920490000000000252e-01 4.819500000000000173e-02
6.797309999999999741e-01 4.968700000000000200e-02
6.691099999999999826e-01 5.086799999999999655e-02
6.565250000000000252e-01 5.210100000000000148e-02
6.431099999999999595e-01 5.323100000000000054e-02
6.329329999999999679e-01 5.398700000000000027e-02
6.193670000000000009e-01 5.488699999999999829e-02
6.065199999999999481e-01 5.566399999999999820e-02
5.953340000000000298e-01 5.630500000000000088e-02
5.822899999999999743e-01 5.704499999999999849e-02
5.710690000000000488e-01 5.770000000000000129e-02
5.578619999999999690e-01 5.852799999999999669e-02
5.466360000000000108e-01 5.930499999999999661e-02
5.333020000000000538e-01 6.029600000000000237e-02
5.193489999999999496e-01 6.136799999999999894e-02
5.086730000000000418e-01 6.217899999999999816e-02
4.947630000000000083e-01 6.318400000000000405e-02
4.813160000000000216e-01 6.405500000000000083e-02
4.702009999999999801e-01 6.466900000000000426e-02
4.567519999999999913e-01 6.524199999999999444e-02
4.457220000000000071e-01 6.554599999999999316e-02
4.323159999999999781e-01 6.568200000000000427e-02
4.186920000000000086e-01 6.558600000000000541e-02
4.080619999999999803e-01 6.537500000000000255e-02
3.945810000000000151e-01 6.496999999999999997e-02
3.840459999999999985e-01 6.457100000000000339e-02
3.707289999999999752e-01 6.399499999999999633e-02
3.576920000000000099e-01 6.339100000000000290e-02
3.471910000000000274e-01 6.289799999999999558e-02
3.343470000000000053e-01 6.232000000000000040e-02
3.215120000000000200e-01 6.179599999999999677e-02
3.114029999999999854e-01 6.142000000000000237e-02
2.988179999999999725e-01 6.098499999999999754e-02
2.889129999999999754e-01 6.065799999999999664e-02
2.766089999999999938e-01 6.025799999999999906e-02
2.644980000000000109e-01 5.985599999999999948e-02
2.549379999999999979e-01 5.952199999999999852e-02
2.431419999999999970e-01 5.907699999999999757e-02
2.315859999999999863e-01 5.859500000000000125e-02
2.223100000000000076e-01 5.816799999999999748e-02
2.112219999999999931e-01 5.760300000000000142e-02
2.022440000000000071e-01 5.709399999999999892e-02
1.915530000000000010e-01 5.641700000000000187e-02
1.808299999999999907e-01 5.564600000000000102e-02
1.726300000000000057e-01 5.498900000000000315e-02
1.623370000000000091e-01 5.407399999999999707e-02
1.544959999999999944e-01 5.330599999999999922e-02
1.446570000000000078e-01 5.225300000000000084e-02
1.353449999999999931e-01 5.116099999999999814e-02
1.278330000000000022e-01 5.021099999999999869e-02
1.190179999999999988e-01 4.901400000000000201e-02
1.102280000000000065e-01 4.772799999999999959e-02
1.036090000000000066e-01 4.669700000000000240e-02
9.534399999999999820e-02 4.532599999999999824e-02
8.915399999999999714e-02 4.423599999999999755e-02
8.143499999999999350e-02 4.279100000000000265e-02
7.423100000000000531e-02 4.135099999999999887e-02
6.853199999999999570e-02 4.013900000000000107e-02
6.189900000000000263e-02 3.864000000000000073e-02
5.666600000000000109e-02 3.737800000000000150e-02
5.061700000000000227e-02 3.582099999999999868e-02
4.475599999999999717e-02 3.418800000000000311e-02
4.041100000000000247e-02 3.288699999999999957e-02
3.516600000000000281e-02 3.118100000000000038e-02
3.032800000000000079e-02 2.945100000000000148e-02
2.669300000000000145e-02 2.801700000000000024e-02
2.247100000000000139e-02 2.617399999999999935e-02
1.935699999999999921e-02 2.464600000000000124e-02
1.576100000000000070e-02 2.265800000000000106e-02
1.257899999999999990e-02 2.060700000000000032e-02
1.022099999999999918e-02 1.885099999999999970e-02
7.697999999999999982e-03 1.663900000000000101e-02
5.866999999999999819e-03 1.473299999999999957e-02
4.000000000000000083e-03 1.236199999999999972e-02
2.413999999999999913e-03 9.778999999999999498e-03
1.495000000000000018e-03 7.816000000000000031e-03
6.030000000000000204e-04 5.143000000000000002e-03
1.279999999999999942e-04 2.546999999999999785e-03
-0.000000000000000000e+00 4.159999999999999744e-04
1.289999999999999914e-04 -1.698000000000000074e-03
6.040000000000000447e-04 -4.235000000000000049e-03
1.495000000000000018e-03 -6.800999999999999754e-03
2.410999999999999949e-03 -8.656000000000000499e-03
3.989000000000000358e-03 -1.105700000000000086e-02
5.845000000000000369e-03 -1.322100000000000011e-02
7.662000000000000408e-03 -1.493099999999999983e-02
1.016700000000000069e-02 -1.687800000000000064e-02
1.250700000000000076e-02 -1.839400000000000063e-02
1.566400000000000084e-02 -2.012399999999999953e-02
1.923199999999999910e-02 -2.175799999999999956e-02
2.232500000000000109e-02 -2.297799999999999843e-02
2.652099999999999944e-02 -2.440200000000000008e-02
3.110900000000000123e-02 -2.573900000000000146e-02
3.495299999999999796e-02 -2.671600000000000016e-02
4.018000000000000044e-02 -2.789000000000000160e-02
4.451299999999999701e-02 -2.875000000000000125e-02
5.036299999999999805e-02 -2.978899999999999951e-02
5.640400000000000275e-02 -3.074100000000000096e-02
6.163099999999999828e-02 -3.149099999999999816e-02
6.826100000000000223e-02 -3.235899999999999888e-02
7.541399999999999493e-02 -3.321899999999999853e-02
8.115899999999999503e-02 -3.386299999999999727e-02
8.887799999999999867e-02 -3.468199999999999755e-02
9.506799999999999973e-02 -3.530799999999999911e-02
1.033319999999999933e-01 -3.611600000000000227e-02
1.116309999999999941e-01 -3.690500000000000030e-02
1.187420000000000003e-01 -3.757400000000000323e-02
1.275580000000000047e-01 -3.839900000000000257e-02
1.350699999999999956e-01 -3.910700000000000287e-02
1.443820000000000103e-01 -3.999799999999999883e-02
1.542209999999999970e-01 -4.096799999999999747e-02
1.620610000000000106e-01 -4.176699999999999857e-02
1.723530000000000062e-01 -4.285599999999999826e-02
1.826180000000000025e-01 -4.399200000000000332e-02
1.912739999999999996e-01 -4.498900000000000121e-02
2.019630000000000036e-01 -4.626099999999999657e-02
2.109389999999999876e-01 -4.735400000000000026e-02
2.221200000000000119e-01 -4.872699999999999948e-02
2.335710000000000008e-01 -5.013700000000000101e-02
2.428530000000000133e-01 -5.127700000000000313e-02
2.546470000000000122e-01 -5.270899999999999891e-02
2.642039999999999944e-01 -5.384499999999999703e-02
2.763120000000000021e-01 -5.523200000000000331e-02
2.886139999999999817e-01 -5.654700000000000004e-02
2.985169999999999768e-01 -5.751499999999999668e-02
3.111010000000000164e-01 -5.858100000000000113e-02
3.237180000000000057e-01 -5.942499999999999866e-02
3.340420000000000056e-01 -5.990800000000000292e-02
3.468829999999999969e-01 -6.022500000000000075e-02
3.573810000000000042e-01 -6.026499999999999913e-02
3.704120000000000190e-01 -6.007200000000000040e-02
3.837189999999999768e-01 -5.963199999999999751e-02
3.942410000000000081e-01 -5.913700000000000206e-02
4.077020000000000088e-01 -5.835499999999999715e-02
4.209959999999999813e-01 -5.745999999999999719e-02
4.318980000000000041e-01 -5.667099999999999915e-02
4.452599999999999891e-01 -5.567500000000000226e-02
4.562470000000000137e-01 -5.486200000000000104e-02
4.696339999999999959e-01 -5.386300000000000116e-02
4.834019999999999984e-01 -5.281000000000000277e-02
4.940599999999999992e-01 -5.195799999999999724e-02
5.078799999999999981e-01 -5.079299999999999787e-02
5.212059999999999471e-01 -4.957799999999999707e-02
5.323320000000000274e-01 -4.848600000000000132e-02
5.455640000000000489e-01 -4.706799999999999873e-02
5.567020000000000302e-01 -4.576500000000000012e-02
5.698039999999999772e-01 -4.408499999999999919e-02
5.834570000000000034e-01 -4.218399999999999928e-02
5.938750000000000417e-01 -4.063499999999999751e-02
6.074509999999999632e-01 -3.850599999999999856e-02
6.203840000000000465e-01 -3.636999999999999955e-02
6.311890000000000001e-01 -3.451699999999999907e-02
6.441249999999999476e-01 -3.222599999999999770e-02
6.569869999999999877e-01 -2.988299999999999984e-02
6.677840000000000442e-01 -2.787699999999999900e-02
6.799929999999999586e-01 -2.557900000000000104e-02
6.906390000000000029e-01 -2.356000000000000108e-02
7.025780000000000358e-01 -2.129400000000000043e-02
7.154690000000000216e-01 -1.886399999999999882e-02
7.268700000000000161e-01 -1.674199999999999994e-02
7.373060000000000169e-01 -1.483300000000000070e-02
7.483880000000000532e-01 -1.284899999999999931e-02
7.585819999999999785e-01 -1.106999999999999998e-02
7.693280000000000118e-01 -9.246000000000000746e-03
7.814780000000000060e-01 -7.251999999999999766e-03
7.918669999999999876e-01 -5.607000000000000005e-03
8.014010000000000300e-01 -4.153999999999999707e-03
8.114160000000000261e-01 -2.703999999999999806e-03
8.206050000000000288e-01 -1.456000000000000046e-03
8.302289999999999948e-01 -2.410000000000000033e-04
8.390440000000000120e-01 7.810000000000000102e-04
8.482610000000000428e-01 1.755000000000000050e-03
8.585679999999999978e-01 2.723000000000000160e-03
8.673469999999999791e-01 3.445000000000000145e-03
8.752459999999999685e-01 4.010999999999999809e-03
8.835800000000000320e-01 4.521999999999999978e-03
8.910219999999999807e-01 4.898999999999999709e-03
8.988960000000000283e-01 5.215000000000000017e-03
9.072750000000000536e-01 5.438000000000000125e-03
9.148220000000000240e-01 5.543000000000000184e-03
9.210409999999999986e-01 5.565999999999999767e-03
9.280709999999999793e-01 5.518999999999999601e-03
9.337910000000000377e-01 5.420999999999999604e-03
9.405120000000000147e-01 5.237000000000000335e-03
9.466250000000000497e-01 5.001000000000000237e-03
9.517160000000000064e-01 4.753000000000000280e-03
9.571450000000000236e-01 4.433999999999999574e-03
9.627130000000000409e-01 4.048000000000000383e-03
9.674779999999999491e-01 3.667999999999999820e-03
9.714669999999999694e-01 3.315999999999999937e-03
9.756439999999999557e-01 2.912000000000000092e-03
9.798200000000000243e-01 2.474000000000000071e-03
9.833790000000000031e-01 2.073000000000000190e-03
9.867489999999999872e-01 1.670999999999999959e-03
9.896770000000000289e-01 1.304000000000000038e-03
9.922130000000000116e-01 9.719999999999999907e-04
9.948939999999999451e-01 6.080000000000000335e-04
9.968939999999999468e-01 3.280000000000000038e-04
9.985889999999999489e-01 8.399999999999999535e-05
1.000000000000000000e+00 -1.230000000000000082e-04
1.000000000000000000e+00 4.399999999999999886e-05
