1.000000000000000000e+00 -2.500000000000000120e-05
1.000000000000000000e+00 1.369999999999999961e-04
9.986150000000000304e-01 3.600000000000000227e-04
9.969519999999999493e-01 6.269999999999999532e-04
9.946540000000000381e-01 9.950000000000000077e-04
9.923549999999999871e-01 1.363000000000000062e-03
9.898639999999999661e-01 1.763000000000000027e-03
9.869879999999999765e-01 2.224999999999999981e-03
9.836770000000000236e-01 2.760999999999999999e-03
9.801809999999999690e-01 3.328999999999999928e-03
9.760760000000000547e-01 4.002000000000000349e-03
9.719710000000000294e-01 4.682000000000000398e-03
9.671419999999999462e-01 5.488999999999999956e-03
9.623819999999999597e-01 6.295000000000000248e-03
9.578870000000000440e-01 7.065000000000000099e-03
9.522699999999999498e-01 8.042000000000000537e-03
9.464190000000000103e-01 9.076000000000000734e-03
9.399690000000000545e-01 1.023800000000000057e-02
9.348929999999999740e-01 1.116800000000000084e-02
9.278170000000000028e-01 1.248999999999999937e-02
9.210129999999999706e-01 1.379000000000000017e-02
9.146349999999999758e-01 1.503499999999999975e-02
9.073329999999999451e-01 1.649199999999999972e-02
8.987960000000000393e-01 1.825099999999999986e-02
8.909920000000000062e-01 1.991899999999999921e-02
8.835450000000000248e-01 2.155699999999999977e-02
8.752760000000000540e-01 2.342800000000000091e-02
8.673659999999999703e-01 2.527099999999999833e-02
8.586460000000000203e-01 2.736299999999999844e-02
8.483349999999999502e-01 2.992099999999999968e-02
8.391659999999999675e-01 3.227000000000000007e-02
8.303239999999999510e-01 3.459600000000000175e-02
8.207370000000000498e-01 3.717800000000000271e-02
8.115090000000000359e-01 3.970499999999999724e-02
8.015200000000000102e-01 4.246300000000000074e-02
7.899629999999999708e-01 4.563299999999999995e-02
7.793280000000000207e-01 4.847300000000000220e-02
7.696020000000000083e-01 5.098500000000000254e-02
7.585960000000000480e-01 5.372500000000000192e-02
7.485779999999999657e-01 5.612500000000000128e-02
7.372220000000000439e-01 5.873799999999999855e-02
7.269440000000000346e-01 6.100499999999999673e-02
7.147639999999999549e-01 6.358199999999999963e-02
7.024939999999999518e-01 6.606800000000000173e-02
6.920490000000000252e-01 6.811000000000000387e-02
6.797309999999999741e-01 7.044899999999999773e-02
6.691099999999999826e-01 7.242099999999999926e-02
6.565250000000000252e-01 7.471899999999999376e-02
6.431099999999999595e-01 7.708099999999999674e-02
6.329329999999999679e-01 7.877000000000000668e-02
6.193670000000000009e-01 8.082200000000000495e-02
6.065199999999999481e-01 8.249299999999999689e-02
5.953340000000000298e-01 8.368100000000000538e-02
5.822899999999999743e-01 8.469100000000000239e-02
5.710690000000000488e-01 8.518799999999999983e-02
5.578619999999999690e-01 8.526999999999999857e-02
5.466360000000000108e-01 8.487300000000000400e-02
5.333020000000000538e-01 8.386599999999999611e-02
5.193489999999999496e-01 8.226200000000000179e-02
5.086730000000000418e-01 8.070399999999999796e-02
4.947630000000000083e-01 7.830900000000000361e-02
4.813160000000000216e-01 7.567000000000000115e-02
4.702009999999999801e-01 7.330100000000000504e-02
4.567519999999999913e-01 7.026799999999999713e-02
4.457220000000000071e-01 6.769400000000000417e-02
4.323159999999999781e-01 6.451500000000000290e-02
4.186920000000000086e-01 6.126899999999999707e-02
4.080619999999999803e-01 5.874700000000000061e-02
3.945810000000000151e-01 5.559100000000000152e-02
3.840459999999999985e-01 5.317700000000000204e-02
3.707289999999999752e-01 5.021699999999999775e-02
3.576920000000000099e-01 4.744500000000000106e-02
3.471910000000000274e-01 4.532200000000000117e-02
3.343470000000000053e-01 4.288200000000000345e-02
3.215120000000000200e-01 4.063599999999999851e-02
3.114029999999999854e-01 3.900300000000000294e-02
2.988179999999999725e-01 3.712700000000000028e-02
2.889129999999999754e-01 3.576100000000000112e-02
2.766089999999999938e-01 3.418600000000000111e-02
2.644980000000000109e-01 3.274699999999999833e-02
2.549379999999999979e-01 3.167500000000000177e-02
2.431419999999999970e-01 3.041500000000000106e-02
2.315859999999999863e-01 2.922900000000000151e-02
2.223100000000000076e-01 2.830099999999999977e-02
2.112219999999999931e-01 2.720799999999999955e-02
2.022440000000000071e-01 2.633599999999999830e-02
1.915530000000000010e-01 2.534499999999999947e-02
1.808299999999999907e-01 2.443800000000000139e-02
1.726300000000000057e-01 2.381899999999999989e-02
1.623370000000000091e-01 2.314300000000000038e-02
1.544959999999999944e-01 2.270600000000000049e-02
1.446570000000000078e-01 2.225299999999999848e-02
1.353449999999999931e-01 2.191999999999999851e-02
1.278330000000000022e-01 2.171400000000000066e-02
1.190179999999999988e-01 2.154199999999999865e-02
1.102280000000000065e-01 2.143499999999999919e-02
1.036090000000000066e-01 2.139200000000000129e-02
9.534399999999999820e-02 2.137500000000000164e-02
8.915399999999999714e-02 2.138400000000000023e-02
8.143499999999999350e-02 2.141099999999999948e-02
7.423100000000000531e-02 2.144300000000000025e-02
6.853199999999999570e-02 2.146100000000000091e-02
6.189900000000000263e-02 2.146599999999999897e-02
5.666600000000000109e-02 2.144400000000000125e-02
5.061700000000000227e-02 2.137800000000000117e-02
4.475599999999999717e-02 2.124799999999999953e-02
4.041100000000000247e-02 2.109600000000000017e-02
3.516600000000000281e-02 2.081699999999999870e-02
3.032800000000000079e-02 2.043700000000000030e-02
2.669300000000000145e-02 2.003999999999999879e-02
2.247100000000000139e-02 1.941899999999999876e-02
1.935699999999999921e-02 1.880599999999999980e-02
1.576100000000000070e-02 1.788100000000000106e-02
1.257899999999999990e-02 1.677500000000000172e-02
1.022099999999999918e-02 1.571799999999999933e-02
7.697999999999999982e-03 1.424899999999999951e-02
5.866999999999999819e-03 1.287499999999999929e-02
4.000000000000000083e-03 1.103699999999999994e-02
2.413999999999999913e-03 8.897000000000000394e-03
1.495000000000000018e-03 7.185999999999999679e-03
6.030000000000000204e-04 4.754000000000000413e-03
1.279999999999999942e-04 2.295000000000000165e-03
-0.000000000000000000e+00 2.169999999999999891e-04
1.289999999999999914e-04 -1.892000000000000019e-03
6.040000000000000447e-04 -4.472000000000000280e-03
1.495000000000000018e-03 -7.131000000000000186e-03
2.410999999999999949e-03 -9.077999999999999264e-03
3.989000000000000358e-03 -1.162400000000000065e-02
5.845000000000000369e-03 -1.393800000000000074e-02
7.662000000000000408e-03 -1.577800000000000036e-02
1.016700000000000069e-02 -1.788100000000000106e-02
1.250700000000000076e-02 -1.952500000000000069e-02
1.566400000000000084e-02 -2.140299999999999842e-02
1.923199999999999910e-02 -2.317999999999999922e-02
2.232500000000000109e-02 -2.450600000000000001e-02
2.652099999999999944e-02 -2.605499999999999830e-02
3.110900000000000123e-02 -2.750500000000000167e-02
3.495299999999999796e-02 -2.856099999999999958e-02
4.018000000000000044e-02 -2.982100000000000029e-02
4.451299999999999701e-02 -3.073400000000000090e-02
5.036299999999999805e-02 -3.182200000000000306e-02
5.640400000000000275e-02 -3.279200000000000170e-02
6.163099999999999828e-02 -3.353199999999999931e-02
6.826100000000000223e-02 -3.434999999999999859e-02
7.541399999999999493e-02 -3.510599999999999832e-02
8.115899999999999503e-02 -3.562599999999999795e-02
8.887799999999999867e-02 -3.621599999999999819e-02
9.506799999999999973e-02 -3.660399999999999765e-02
1.033319999999999933e-01 -3.701200000000000323e-02
1.116309999999999941e-01 -3.729899999999999882e-02
1.187420000000000003e-01 -3.745099999999999818e-02
1.275580000000000047e-01 -3.751899999999999680e-02
1.350699999999999956e-01 -3.747600000000000237e-02
1.443820000000000103e-01 -3.729600000000000276e-02
1.542209999999999970e-01 -3.695799999999999780e-02
1.620610000000000106e-01 -3.658700000000000147e-02
1.723530000000000062e-01 -3.597399999999999903e-02
1.826180000000000025e-01 -3.524200000000000249e-02
1.912739999999999996e-01 -3.455600000000000338e-02
2.019630000000000036e-01 -3.366399999999999948e-02
2.109389999999999876e-01 -3.292099999999999888e-02
2.221200000000000119e-01 -3.207200000000000328e-02
2.335710000000000008e-01 -3.131300000000000056e-02
2.428530000000000133e-01 -3.078300000000000133e-02
2.546470000000000122e-01 -3.021899999999999933e-02
2.642039999999999944e-01 -2.985099999999999906e-02
2.763120000000000021e-01 -2.949299999999999838e-02
2.886139999999999817e-01 -2.923900000000000110e-02
2.985169999999999768e-01 -2.910300000000000040e-02
3.111010000000000164e-01 -2.898999999999999841e-02
3.237180000000000057e-01 -2.891499999999999973e-02
3.340420000000000056e-01 -2.885199999999999917e-02
3.468829999999999969e-01 -2.874099999999999919e-02
3.573810000000000042e-01 -2.861000000000000001e-02
3.704120000000000190e-01 -2.838600000000000151e-02
3.837189999999999768e-01 -2.806799999999999920e-02
3.942410000000000081e-01 -2.774300000000000030e-02
4.077020000000000088e-01 -2.721900000000000014e-02
4.209959999999999813e-01 -2.656700000000000034e-02
4.318980000000000041e-01 -2.592600000000000113e-02
4.452599999999999891e-01 -2.499399999999999886e-02
4.562470000000000137e-01 -2.411100000000000049e-02
4.696339999999999959e-01 -2.291500000000000134e-02
4.834019999999999984e-01 -2.159600000000000061e-02
4.940599999999999992e-01 -2.053800000000000070e-02
5.078799999999999981e-01 -1.916599999999999901e-02
5.212059999999999471e-01 -1.787700000000000053e-02
5.323320000000000274e-01 -1.686599999999999905e-02
5.455640000000000489e-01 -1.576999999999999930e-02
5.567020000000000302e-01 -1.497199999999999920e-02
5.698039999999999772e-01 -1.420100000000000008e-02
5.834570000000000034e-01 -1.360199999999999951e-02
5.938750000000000417e-01 -1.328299999999999967e-02
6.074509999999999632e-01 -1.304800000000000057e-02
6.203840000000000465e-01 -1.301100000000000000e-02
6.311890000000000001e-01 -1.311999999999999972e-02
6.441249999999999476e-01 -1.341400000000000058e-02
6.569869999999999877e-01 -1.388299999999999951e-02
6.677840000000000442e-01 -1.440899999999999993e-02
6.799929999999999586e-01 -1.512600000000000056e-02
6.906390000000000029e-01 -1.578500000000000042e-02
7.025780000000000358e-01 -1.647200000000000053e-02
7.154690000000000216e-01 -1.705299999999999871e-02
7.268700000000000161e-01 -1.735199999999999937e-02
7.373060000000000169e-01 -1.740699999999999886e-02
7.483880000000000532e-01 -1.719800000000000148e-02
7.585819999999999785e-01 -1.674700000000000147e-02
7.693280000000000118e-01 -1.599199999999999927e-02
7.814780000000000060e-01 -1.478699999999999980e-02
7.918669999999999876e-01 -1.346900000000000007e-02
8.014010000000000300e-01 -1.206199999999999981e-02
8.114160000000000261e-01 -1.045500000000000075e-02
8.206050000000000288e-01 -8.926999999999999172e-03
8.302289999999999948e-01 -7.322000000000000383e-03
8.390440000000000120e-01 -5.890000000000000270e-03
8.482610000000000428e-01 -4.460999999999999688e-03
8.585679999999999978e-01 -2.978000000000000178e-03
8.673469999999999791e-01 -1.828999999999999897e-03
8.752459999999999685e-01 -8.959999999999999866e-04
8.835800000000000320e-01 -2.199999999999999943e-05
8.910219999999999807e-01 6.579999999999999478e-04
8.988960000000000283e-01 1.270999999999999994e-03
9.072750000000000536e-01 1.789000000000000009e-03
9.148220000000000240e-01 2.141000000000000108e-03
9.210409999999999986e-01 2.358999999999999986e-03
9.280709999999999793e-01 2.524999999999999901e-03
9.337910000000000377e-01 2.598000000000000049e-03
9.405120000000000147e-01 2.614000000000000004e-03
9.466250000000000497e-01 2.565000000000000006e-03
9.517160000000000064e-01 2.478000000000000168e-03
9.571450000000000236e-01 2.340000000000000066e-03
9.627130000000000409e-01 2.151000000000000134e-03
9.674779999999999491e-01 1.953000000000000092e-03
9.714669999999999694e-01 1.761999999999999894e-03
9.756439999999999557e-01 1.538000000000000088e-03
9.798200000000000243e-01 1.291999999999999963e-03
9.833790000000000031e-01 1.064999999999999974e-03
9.867489999999999872e-01 8.360000000000000460e-04
9.896770000000000289e-01 6.260000000000000373e-04
9.922130000000000116e-01 4.369999999999999970e-04
9.948939999999999451e-01 2.290000000000000098e-04
9.968939999999999468e-01 6.899999999999999667e-05
9.985889999999999489e-01 -6.899999999999999667e-05
1.000000000000000000e+00 -1.869999999999999917e-04
1.000000000000000000e+00 -2.500000000000000120e-05
