1.000000000000000000e+00 1.599999999999999928e-05
1.000000000000000000e+00 2.730000000000000222e-04
9.986150000000000304e-01 5.789999999999999791e-04
9.969519999999999493e-01 9.499999999999999981e-04
9.946540000000000381e-01 1.466000000000000072e-03
9.923549999999999871e-01 1.985999999999999918e-03
9.898639999999999661e-01 2.553999999999999847e-03
9.869879999999999765e-01 3.212000000000000011e-03
9.836770000000000236e-01 3.974000000000000102e-03
9.801809999999999690e-01 4.780000000000000394e-03
9.760760000000000547e-01 5.725000000000000054e-03
9.719710000000000294e-01 6.668000000000000316e-03
9.671419999999999462e-01 7.771000000000000130e-03
9.623819999999999597e-01 8.850000000000000228e-03
9.578870000000000440e-01 9.858999999999999708e-03
9.522699999999999498e-01 1.110500000000000029e-02
9.464190000000000103e-01 1.238599999999999944e-02
9.399690000000000545e-01 1.377300000000000052e-02
9.348929999999999740e-01 1.484500000000000056e-02
9.278170000000000028e-01 1.631099999999999911e-02
9.210129999999999706e-01 1.768499999999999933e-02
9.146349999999999758e-01 1.894200000000000050e-02
9.073329999999999451e-01 2.034000000000000044e-02
8.987960000000000393e-01 2.193200000000000011e-02
8.909920000000000062e-01 2.334999999999999923e-02
8.835450000000000248e-01 2.465600000000000083e-02
8.752760000000000540e-01 2.605000000000000024e-02
8.673659999999999703e-01 2.732599999999999960e-02
8.586460000000000203e-01 2.866700000000000151e-02
8.483349999999999502e-01 3.016399999999999984e-02
8.391659999999999675e-01 3.141399999999999748e-02
8.303239999999999510e-01 3.254900000000000154e-02
8.207370000000000498e-01 3.370900000000000285e-02
8.115090000000000359e-01 3.475999999999999923e-02
8.015200000000000102e-01 3.584099999999999786e-02
7.899629999999999708e-01 3.704299999999999954e-02
7.793280000000000207e-01 3.813600000000000323e-02
7.696020000000000083e-01 3.914000000000000118e-02
7.585960000000000480e-01 4.028899999999999842e-02
7.485779999999999657e-01 4.135599999999999693e-02
7.372220000000000439e-01 4.260200000000000098e-02
7.269440000000000346e-01 4.377099999999999741e-02
7.147639999999999549e-01 4.522500000000000131e-02
7.024939999999999518e-01 4.677800000000000014e-02
6.920490000000000252e-01 4.818200000000000260e-02
6.797309999999999741e-01 4.994900000000000034e-02
6.691099999999999826e-01 5.157599999999999685e-02
6.565250000000000252e-01 5.362600000000000006e-02
6.431099999999999595e-01 5.590699999999999836e-02
6.329329999999999679e-01 5.765699999999999992e-02
6.193670000000000009e-01 5.994599999999999929e-02
6.065199999999999481e-01 6.200200000000000156e-02
5.953340000000000298e-01 6.364599999999999425e-02
5.822899999999999743e-01 6.532599999999999518e-02
5.710690000000000488e-01 6.651300000000000268e-02
5.578619999999999690e-01 6.753699999999999981e-02
5.466360000000000108e-01 6.804899999999999838e-02
5.333020000000000538e-01 6.826100000000000223e-02
5.193489999999999496e-01 6.811799999999999800e-02
5.086730000000000418e-01 6.782000000000000528e-02
4.947630000000000083e-01 6.727099999999999747e-02
4.813160000000000216e-01 6.665600000000000691e-02
4.702009999999999801e-01 6.615300000000000347e-02
4.567519999999999913e-01 6.562900000000000678e-02
4.457220000000000071e-01 6.533100000000000018e-02
4.323159999999999781e-01 6.518300000000000483e-02
4.186920000000000086e-01 6.523500000000000132e-02
4.080619999999999803e-01 6.536799999999999555e-02
3.945810000000000151e-01 6.559099999999999653e-02
3.840459999999999985e-01 6.576300000000000201e-02
3.707289999999999752e-01 6.591900000000000537e-02
3.576920000000000099e-01 6.593999999999999861e-02
3.471910000000000274e-01 6.581800000000000150e-02
3.343470000000000053e-01 6.544600000000000417e-02
3.215120000000000200e-01 6.478799999999999837e-02
3.114029999999999854e-01 6.409499999999999920e-02
2.988179999999999725e-01 6.307699999999999418e-02
2.889129999999999754e-01 6.219500000000000028e-02
2.766089999999999938e-01 6.105300000000000310e-02
2.644980000000000109e-01 5.992299999999999710e-02
2.549379999999999979e-01 5.905400000000000232e-02
2.431419999999999970e-01 5.803400000000000225e-02
2.315859999999999863e-01 5.711299999999999710e-02
2.223100000000000076e-01 5.643900000000000305e-02
2.112219999999999931e-01 5.571899999999999770e-02
2.022440000000000071e-01 5.519500000000000101e-02
1.915530000000000010e-01 5.458799999999999764e-02
1.808299999999999907e-01 5.393699999999999883e-02
1.726300000000000057e-01 5.338199999999999890e-02
1.623370000000000091e-01 5.258299999999999780e-02
1.544959999999999944e-01 5.188299999999999856e-02
1.446570000000000078e-01 5.087900000000000061e-02
1.353449999999999931e-01 4.979100000000000192e-02
1.278330000000000022e-01 4.880799999999999722e-02
1.190179999999999988e-01 4.753199999999999786e-02
1.102280000000000065e-01 4.612000000000000127e-02
1.036090000000000066e-01 4.496200000000000196e-02
9.534399999999999820e-02 4.339599999999999708e-02
8.915399999999999714e-02 4.213399999999999784e-02
8.143499999999999350e-02 4.044500000000000178e-02
7.423100000000000531e-02 3.874899999999999872e-02
6.853199999999999570e-02 3.731700000000000295e-02
6.189900000000000263e-02 3.554600000000000121e-02
5.666600000000000109e-02 3.405899999999999900e-02
5.061700000000000227e-02 3.223700000000000176e-02
4.475599999999999717e-02 3.034699999999999898e-02
4.041100000000000247e-02 2.886000000000000024e-02
3.516600000000000281e-02 2.694399999999999920e-02
3.032800000000000079e-02 2.504400000000000029e-02
2.669300000000000145e-02 2.350700000000000012e-02
2.247100000000000139e-02 2.158600000000000102e-02
1.935699999999999921e-02 2.004299999999999832e-02
1.576100000000000070e-02 1.809900000000000050e-02
1.257899999999999990e-02 1.617299999999999988e-02
1.022099999999999918e-02 1.457999999999999921e-02
7.697999999999999982e-03 1.264799999999999952e-02
5.866999999999999819e-03 1.104100000000000047e-02
4.000000000000000083e-03 9.109000000000000777e-03
2.413999999999999913e-03 7.075999999999999825e-03
1.495000000000000018e-03 5.575000000000000094e-03
6.030000000000000204e-04 3.578000000000000017e-03
1.279999999999999942e-04 1.681999999999999901e-03
-0.000000000000000000e+00 1.469999999999999953e-04
1.289999999999999914e-04 -1.361999999999999929e-03
6.040000000000000447e-04 -3.163000000000000013e-03
1.495000000000000018e-03 -4.984999999999999848e-03
2.410999999999999949e-03 -6.309000000000000372e-03
3.989000000000000358e-03 -8.040000000000000271e-03
5.845000000000000369e-03 -9.625999999999999140e-03
7.662000000000000408e-03 -1.090200000000000023e-02
1.016700000000000069e-02 -1.238700000000000044e-02
1.250700000000000076e-02 -1.357300000000000000e-02
1.566400000000000084e-02 -1.496300000000000061e-02
1.923199999999999910e-02 -1.631799999999999917e-02
2.232500000000000109e-02 -1.736000000000000043e-02
2.652099999999999944e-02 -1.861600000000000060e-02
3.110900000000000123e-02 -1.983499999999999847e-02
3.495299999999999796e-02 -2.075499999999999914e-02
4.018000000000000044e-02 -2.189500000000000127e-02
4.451299999999999701e-02 -2.275399999999999992e-02
5.036299999999999805e-02 -2.382300000000000043e-02
5.640400000000000275e-02 -2.483099999999999891e-02
6.163099999999999828e-02 -2.564599999999999866e-02
6.826100000000000223e-02 -2.661000000000000171e-02
7.541399999999999493e-02 -2.758800000000000141e-02
8.115899999999999503e-02 -2.833300000000000055e-02
8.887799999999999867e-02 -2.929400000000000059e-02
9.506799999999999973e-02 -3.003799999999999873e-02
1.033319999999999933e-01 -3.100699999999999984e-02
1.116309999999999941e-01 -3.196000000000000230e-02
1.187420000000000003e-01 -3.276799999999999852e-02
1.275580000000000047e-01 -3.376599999999999741e-02
1.350699999999999956e-01 -3.461899999999999700e-02
1.443820000000000103e-01 -3.568299999999999944e-02
1.542209999999999970e-01 -3.682499999999999662e-02
1.620610000000000106e-01 -3.774899999999999783e-02
1.723530000000000062e-01 -3.898200000000000276e-02
1.826180000000000025e-01 -4.023000000000000187e-02
1.912739999999999996e-01 -4.128899999999999931e-02
2.019630000000000036e-01 -4.258699999999999986e-02
2.109389999999999876e-01 -4.365000000000000130e-02
2.221200000000000119e-01 -4.490700000000000247e-02
2.335710000000000008e-01 -4.610399999999999915e-02
2.428530000000000133e-01 -4.699799999999999811e-02
2.546470000000000122e-01 -4.801899999999999918e-02
2.642039999999999944e-01 -4.873799999999999660e-02
2.763120000000000021e-01 -4.949100000000000027e-02
2.886139999999999817e-01 -5.004000000000000115e-02
2.985169999999999768e-01 -5.030099999999999849e-02
3.111010000000000164e-01 -5.036100000000000299e-02
3.237180000000000057e-01 -5.008200000000000152e-02
3.340420000000000056e-01 -4.956800000000000095e-02
3.468829999999999969e-01 -4.856499999999999706e-02
3.573810000000000042e-01 -4.748000000000000137e-02
3.704120000000000190e-01 -4.586300000000000099e-02
3.837189999999999768e-01 -4.397399999999999920e-02
3.942410000000000081e-01 -4.236399999999999888e-02
4.077020000000000088e-01 -4.023100000000000287e-02
4.209959999999999813e-01 -3.812299999999999717e-02
4.318980000000000041e-01 -3.645899999999999835e-02
4.452599999999999891e-01 -3.457099999999999757e-02
4.562470000000000137e-01 -3.319600000000000328e-02
4.696339999999999959e-01 -3.172500000000000320e-02
4.834019999999999984e-01 -3.042900000000000119e-02
4.940599999999999992e-01 -2.955500000000000141e-02
5.078799999999999981e-01 -2.857799999999999924e-02
5.212059999999999471e-01 -2.777100000000000055e-02
5.323320000000000274e-01 -2.718999999999999889e-02
5.455640000000000489e-01 -2.657999999999999946e-02
5.567020000000000302e-01 -2.612499999999999892e-02
5.698039999999999772e-01 -2.563299999999999954e-02
5.834570000000000034e-01 -2.514699999999999921e-02
5.938750000000000417e-01 -2.477400000000000088e-02
6.074509999999999632e-01 -2.426299999999999985e-02
6.203840000000000465e-01 -2.372200000000000003e-02
6.311890000000000001e-01 -2.321099999999999899e-02
6.441249999999999476e-01 -2.250399999999999970e-02
6.569869999999999877e-01 -2.167300000000000129e-02
6.677840000000000442e-01 -2.085599999999999954e-02
6.799929999999999586e-01 -1.979200000000000056e-02
6.906390000000000029e-01 -1.875699999999999937e-02
7.025780000000000358e-01 -1.750300000000000120e-02
7.154690000000000216e-01 -1.606899999999999995e-02
7.268700000000000161e-01 -1.475800000000000028e-02
7.373060000000000169e-01 -1.354299999999999948e-02
7.483880000000000532e-01 -1.225599999999999953e-02
7.585819999999999785e-01 -1.108999999999999916e-02
7.693280000000000118e-01 -9.889000000000000221e-03
7.814780000000000060e-01 -8.581999999999999351e-03
7.918669999999999876e-01 -7.513999999999999846e-03
8.014010000000000300e-01 -6.576000000000000248e-03
8.114160000000000261e-01 -5.629000000000000323e-03
8.206050000000000288e-01 -4.791000000000000120e-03
8.302289999999999948e-01 -3.943999999999999589e-03
8.390440000000000120e-01 -3.194999999999999923e-03
8.482610000000000428e-01 -2.441000000000000027e-03
8.585679999999999978e-01 -1.636000000000000084e-03
8.673469999999999791e-01 -9.849999999999999815e-04
8.752459999999999685e-01 -4.319999999999999838e-04
8.835800000000000320e-01 1.169999999999999979e-04
8.910219999999999807e-01 5.689999999999999529e-04
8.988960000000000283e-01 1.005000000000000034e-03
9.072750000000000536e-01 1.397000000000000021e-03
9.148220000000000240e-01 1.688000000000000047e-03
9.210409999999999986e-01 1.889000000000000054e-03
9.280709999999999793e-01 2.066999999999999827e-03
9.337910000000000377e-01 2.170000000000000054e-03
9.405120000000000147e-01 2.240999999999999936e-03
9.466250000000000497e-01 2.252999999999999794e-03
9.517160000000000064e-01 2.222000000000000017e-03
9.571450000000000236e-01 2.145000000000000205e-03
9.627130000000000409e-01 2.017000000000000130e-03
9.674779999999999491e-01 1.863999999999999988e-03
9.714669999999999694e-01 1.706999999999999967e-03
9.756439999999999557e-01 1.512000000000000106e-03
9.798200000000000243e-01 1.286000000000000034e-03
9.833790000000000031e-01 1.067999999999999939e-03
9.867489999999999872e-01 8.429999999999999993e-04
9.896770000000000289e-01 6.290000000000000018e-04
9.922130000000000116e-01 4.330000000000000081e-04
9.948939999999999451e-01 2.130000000000000003e-04
9.968939999999999468e-01 4.100000000000000047e-05
9.985889999999999489e-01 -1.110000000000000011e-04
1.000000000000000000e+00 -2.410000000000000033e-04
1.000000000000000000e+00 1.599999999999999928e-05
