1.000000000000000000e+00 -1.000000000000000082e-05
1.000000000000000000e+00 2.590000000000000071e-04
9.986150000000000304e-01 5.289999999999999564e-04
9.969519999999999493e-01 8.520000000000000013e-04
9.946540000000000381e-01 1.299000000000000024e-03
9.923549999999999871e-01 1.747999999999999988e-03
9.898639999999999661e-01 2.233000000000000176e-03
9.869879999999999765e-01 2.795000000000000175e-03
9.836770000000000236e-01 3.439999999999999915e-03
9.801809999999999690e-01 4.121999999999999796e-03
9.760760000000000547e-01 4.918999999999999762e-03
9.719710000000000294e-01 5.714000000000000329e-03
9.671419999999999462e-01 6.642999999999999600e-03
9.623819999999999597e-01 7.551999999999999685e-03
9.578870000000000440e-01 8.404000000000000012e-03
9.522699999999999498e-01 9.459999999999999659e-03
9.464190000000000103e-01 1.054800000000000008e-02
9.399690000000000545e-01 1.173399999999999964e-02
9.348929999999999740e-01 1.265699999999999985e-02
9.278170000000000028e-01 1.392599999999999914e-02
9.210129999999999706e-01 1.512900000000000009e-02
9.146349999999999758e-01 1.623899999999999996e-02
9.073329999999999451e-01 1.748900000000000107e-02
8.987960000000000393e-01 1.893500000000000044e-02
8.909920000000000062e-01 2.024600000000000011e-02
8.835450000000000248e-01 2.147800000000000056e-02
8.752760000000000540e-01 2.282000000000000001e-02
8.673659999999999703e-01 2.408000000000000071e-02
8.586460000000000203e-01 2.544099999999999834e-02
8.483349999999999502e-01 2.701699999999999935e-02
8.391659999999999675e-01 2.838900000000000104e-02
8.303239999999999510e-01 2.968900000000000011e-02
8.207370000000000498e-01 3.107700000000000046e-02
8.115090000000000359e-01 3.239399999999999918e-02
8.015200000000000102e-01 3.380999999999999978e-02
7.899629999999999708e-01 3.544599999999999834e-02
7.793280000000000207e-01 3.696399999999999686e-02
7.696020000000000083e-01 3.836599999999999733e-02
7.585960000000000480e-01 3.996999999999999859e-02
7.485779999999999657e-01 4.144300000000000067e-02
7.372220000000000439e-01 4.312699999999999867e-02
7.269440000000000346e-01 4.465800000000000325e-02
7.147639999999999549e-01 4.647500000000000242e-02
7.024939999999999518e-01 4.829900000000000165e-02
6.920490000000000252e-01 4.983800000000000036e-02
6.797309999999999741e-01 5.162300000000000222e-02
6.691099999999999826e-01 5.312499999999999861e-02
6.565250000000000252e-01 5.484300000000000286e-02
6.431099999999999595e-01 5.658500000000000335e-02
6.329329999999999679e-01 5.783599999999999852e-02
6.193670000000000009e-01 5.939200000000000035e-02
6.065199999999999481e-01 6.073400000000000326e-02
5.953340000000000298e-01 6.178399999999999864e-02
5.822899999999999743e-01 6.285699999999999621e-02
5.710690000000000488e-01 6.363599999999999812e-02
5.578619999999999690e-01 6.436699999999999366e-02
5.466360000000000108e-01 6.482400000000000662e-02
5.333020000000000538e-01 6.518400000000000583e-02
5.193489999999999496e-01 6.538099999999999468e-02
5.086730000000000418e-01 6.543000000000000205e-02
4.947630000000000083e-01 6.539200000000000568e-02
4.813160000000000216e-01 6.527399999999999869e-02
4.702009999999999801e-01 6.514300000000000646e-02
4.567519999999999913e-01 6.496799999999999797e-02
4.457220000000000071e-01 6.483500000000000374e-02
4.323159999999999781e-01 6.470399999999999763e-02
4.186920000000000086e-01 6.459499999999999964e-02
4.080619999999999803e-01 6.450999999999999790e-02
3.945810000000000151e-01 6.438000000000000667e-02
3.840459999999999985e-01 6.424699999999999855e-02
3.707289999999999752e-01 6.401700000000000446e-02
3.576920000000000099e-01 6.370199999999999474e-02
3.471910000000000274e-01 6.336899999999999478e-02
3.343470000000000053e-01 6.284399999999999709e-02
3.215120000000000200e-01 6.217700000000000310e-02
3.114029999999999854e-01 6.156199999999999867e-02
2.988179999999999725e-01 6.071000000000000008e-02
2.889129999999999754e-01 5.998699999999999866e-02
2.766089999999999938e-01 5.904700000000000226e-02
2.644980000000000109e-01 5.809099999999999681e-02
2.549379999999999979e-01 5.732500000000000095e-02
2.431419999999999970e-01 5.637400000000000050e-02
2.315859999999999863e-01 5.544400000000000023e-02
2.223100000000000076e-01 5.469999999999999862e-02
2.112219999999999931e-01 5.381799999999999778e-02
2.022440000000000071e-01 5.310399999999999843e-02
1.915530000000000010e-01 5.223400000000000265e-02
1.808299999999999907e-01 5.131600000000000050e-02
1.726300000000000057e-01 5.056999999999999690e-02
1.623370000000000091e-01 4.956599999999999895e-02
1.544959999999999944e-01 4.874200000000000060e-02
1.446570000000000078e-01 4.762899999999999773e-02
1.353449999999999931e-01 4.648700000000000054e-02
1.278330000000000022e-01 4.549799999999999678e-02
1.190179999999999988e-01 4.425599999999999673e-02
1.102280000000000065e-01 4.292300000000000282e-02
1.036090000000000066e-01 4.185500000000000331e-02
9.534399999999999820e-02 4.043499999999999872e-02
8.915399999999999714e-02 3.930600000000000066e-02
8.143499999999999350e-02 3.781099999999999739e-02
7.423100000000000531e-02 3.632400000000000212e-02
6.853199999999999570e-02 3.507500000000000201e-02
6.189900000000000263e-02 3.353500000000000231e-02
5.666600000000000109e-02 3.224400000000000183e-02
5.061700000000000227e-02 3.066100000000000075e-02
4.475599999999999717e-02 2.901600000000000013e-02
4.041100000000000247e-02 2.771699999999999858e-02
3.516600000000000281e-02 2.603499999999999912e-02
3.032800000000000079e-02 2.435500000000000165e-02
2.669300000000000145e-02 2.298499999999999849e-02
2.247100000000000139e-02 2.125499999999999959e-02
1.935699999999999921e-02 1.984899999999999859e-02
1.576100000000000070e-02 1.805800000000000113e-02
1.257899999999999990e-02 1.625700000000000062e-02
1.022099999999999918e-02 1.474699999999999969e-02
7.697999999999999982e-03 1.288800000000000015e-02
5.866999999999999819e-03 1.131899999999999920e-02
4.000000000000000083e-03 9.405000000000000165e-03
2.413999999999999913e-03 7.359000000000000090e-03
1.495000000000000018e-03 5.825999999999999582e-03
6.030000000000000204e-04 3.759000000000000188e-03
1.279999999999999942e-04 1.768000000000000040e-03
-0.000000000000000000e+00 1.369999999999999961e-04
1.289999999999999914e-04 -1.482999999999999943e-03
6.040000000000000447e-04 -3.438000000000000084e-03
1.495000000000000018e-03 -5.440000000000000391e-03
2.410999999999999949e-03 -6.909000000000000211e-03
3.989000000000000358e-03 -8.848999999999999228e-03
5.845000000000000369e-03 -1.064400000000000068e-02
7.662000000000000408e-03 -1.210299999999999918e-02
1.016700000000000069e-02 -1.381800000000000042e-02
1.250700000000000076e-02 -1.519999999999999997e-02
1.566400000000000084e-02 -1.683600000000000027e-02
1.923199999999999910e-02 -1.845099999999999865e-02
2.232500000000000109e-02 -1.970600000000000129e-02
2.652099999999999944e-02 -2.123699999999999893e-02
3.110900000000000123e-02 -2.274199999999999833e-02
3.495299999999999796e-02 -2.389200000000000004e-02
4.018000000000000044e-02 -2.533300000000000135e-02
4.451299999999999701e-02 -2.643300000000000163e-02
5.036299999999999805e-02 -2.781600000000000045e-02
5.640400000000000275e-02 -2.913699999999999971e-02
6.163099999999999828e-02 -3.021199999999999927e-02
6.826100000000000223e-02 -3.149500000000000216e-02
7.541399999999999493e-02 -3.280299999999999883e-02
8.115899999999999503e-02 -3.380199999999999871e-02
8.887799999999999867e-02 -3.509000000000000313e-02
9.506799999999999973e-02 -3.608200000000000296e-02
1.033319999999999933e-01 -3.736300000000000038e-02
1.116309999999999941e-01 -3.860700000000000243e-02
1.187420000000000003e-01 -3.964499999999999968e-02
1.275580000000000047e-01 -4.090200000000000086e-02
1.350699999999999956e-01 -4.195200000000000318e-02
1.443820000000000103e-01 -4.322800000000000253e-02
1.542209999999999970e-01 -4.455300000000000232e-02
1.620610000000000106e-01 -4.559099999999999958e-02
1.723530000000000062e-01 -4.692999999999999949e-02
1.826180000000000025e-01 -4.823000000000000204e-02
1.912739999999999996e-01 -4.929100000000000148e-02
2.019630000000000036e-01 -5.053799999999999959e-02
2.109389999999999876e-01 -5.151399999999999729e-02
2.221200000000000119e-01 -5.261099999999999804e-02
2.335710000000000008e-01 -5.358999999999999875e-02
2.428530000000000133e-01 -5.427499999999999686e-02
2.546470000000000122e-01 -5.500499999999999834e-02
2.642039999999999944e-01 -5.548000000000000154e-02
2.763120000000000021e-01 -5.593200000000000255e-02
2.886139999999999817e-01 -5.621600000000000208e-02
2.985169999999999768e-01 -5.631800000000000000e-02
3.111010000000000164e-01 -5.627900000000000263e-02
3.237180000000000057e-01 -5.605899999999999772e-02
3.340420000000000056e-01 -5.574099999999999888e-02
3.468829999999999969e-01 -5.518499999999999794e-02
3.573810000000000042e-01 -5.460000000000000270e-02
3.704120000000000190e-01 -5.372600000000000292e-02
3.837189999999999768e-01 -5.267700000000000160e-02
3.942410000000000081e-01 -5.174700000000000133e-02
4.077020000000000088e-01 -5.044799999999999979e-02
4.209959999999999813e-01 -4.906300000000000244e-02
4.318980000000000041e-01 -4.787099999999999689e-02
4.452599999999999891e-01 -4.635899999999999743e-02
4.562470000000000137e-01 -4.509400000000000214e-02
4.696339999999999959e-01 -4.352799999999999725e-02
4.834019999999999984e-01 -4.190800000000000081e-02
4.940599999999999992e-01 -4.064700000000000257e-02
5.078799999999999981e-01 -3.902300000000000213e-02
5.212059999999999471e-01 -3.746800000000000130e-02
5.323320000000000274e-01 -3.619300000000000295e-02
5.455640000000000489e-01 -3.470399999999999874e-02
5.567020000000000302e-01 -3.348600000000000187e-02
5.698039999999999772e-01 -3.209200000000000247e-02
5.834570000000000034e-01 -3.068099999999999994e-02
5.938750000000000417e-01 -2.962400000000000103e-02
6.074509999999999632e-01 -2.826700000000000046e-02
6.203840000000000465e-01 -2.698300000000000004e-02
6.311890000000000001e-01 -2.591100000000000000e-02
6.441249999999999476e-01 -2.461800000000000099e-02
6.569869999999999877e-01 -2.331400000000000139e-02
6.677840000000000442e-01 -2.219899999999999998e-02
6.799929999999999586e-01 -2.091099999999999903e-02
6.906390000000000029e-01 -1.976899999999999838e-02
7.025780000000000358e-01 -1.847400000000000084e-02
7.154690000000000216e-01 -1.706999999999999837e-02
7.268700000000000161e-01 -1.583000000000000032e-02
7.373060000000000169e-01 -1.470400000000000006e-02
7.483880000000000532e-01 -1.352199999999999930e-02
7.585819999999999785e-01 -1.245500000000000079e-02
7.693280000000000118e-01 -1.135399999999999951e-02
7.814780000000000060e-01 -1.014299999999999924e-02
7.918669999999999876e-01 -9.138999999999999554e-03
8.014010000000000300e-01 -8.243000000000000327e-03
8.114160000000000261e-01 -7.324999999999999914e-03
8.206050000000000288e-01 -6.501999999999999967e-03
8.302289999999999948e-01 -5.660000000000000100e-03
8.390440000000000120e-01 -4.909000000000000169e-03
8.482610000000000428e-01 -4.145000000000000247e-03
8.585679999999999978e-01 -3.322999999999999999e-03
8.673469999999999791e-01 -2.652999999999999976e-03
8.752459999999999685e-01 -2.076999999999999853e-03
8.835800000000000320e-01 -1.500999999999999947e-03
8.910219999999999807e-01 -1.018999999999999941e-03
8.988960000000000283e-01 -5.469999999999999602e-04
9.072750000000000536e-01 -1.069999999999999988e-04
9.148220000000000240e-01 2.349999999999999930e-04
9.210409999999999986e-01 4.829999999999999767e-04
9.280709999999999793e-01 7.219999999999999855e-04
9.337910000000000377e-01 8.819999999999999715e-04
9.405120000000000147e-01 1.026000000000000002e-03
9.466250000000000497e-01 1.113999999999999973e-03
9.517160000000000064e-01 1.152999999999999945e-03
9.571450000000000236e-01 1.157999999999999958e-03
9.627130000000000409e-01 1.121999999999999950e-03
9.674779999999999491e-01 1.054999999999999948e-03
9.714669999999999694e-01 9.749999999999999552e-04
9.756439999999999557e-01 8.660000000000000163e-04
9.798200000000000243e-01 7.309999999999999875e-04
9.833790000000000031e-01 5.950000000000000427e-04
9.867489999999999872e-01 4.510000000000000120e-04
9.896770000000000289e-01 3.110000000000000243e-04
9.922130000000000116e-01 1.810000000000000085e-04
9.948939999999999451e-01 3.199999999999999855e-05
9.968939999999999468e-01 -8.500000000000000611e-05
9.985889999999999489e-01 -1.900000000000000105e-04
1.000000000000000000e+00 -2.799999999999999755e-04
1.000000000000000000e+00 -1.000000000000000082e-05
