1.000000000000000000e+00 -3.499999999999999693e-05
1.000000000000000000e+00 4.310000000000000137e-04
9.986150000000000304e-01 6.949999999999999798e-04
9.969519999999999493e-01 1.002000000000000069e-03
9.946540000000000381e-01 1.410000000000000012e-03
9.923549999999999871e-01 1.802999999999999915e-03
9.898639999999999661e-01 2.216000000000000088e-03
9.869879999999999765e-01 2.677000000000000126e-03
9.836770000000000236e-01 3.193000000000000092e-03
9.801809999999999690e-01 3.723999999999999880e-03
9.760760000000000547e-01 4.333000000000000046e-03
9.719710000000000294e-01 4.930000000000000354e-03
9.671419999999999462e-01 5.621000000000000128e-03
9.623819999999999597e-01 6.296000000000000381e-03
9.578870000000000440e-01 6.929000000000000263e-03
9.522699999999999498e-01 7.719000000000000167e-03
9.464190000000000103e-01 8.545000000000000512e-03
9.399690000000000545e-01 9.461999999999999925e-03
9.348929999999999740e-01 1.019199999999999967e-02
9.278170000000000028e-01 1.122199999999999934e-02
9.210129999999999706e-01 1.222999999999999955e-02
9.146349999999999758e-01 1.319299999999999987e-02
9.073329999999999451e-01 1.431699999999999987e-02
8.987960000000000393e-01 1.567999999999999949e-02
8.909920000000000062e-01 1.697900000000000104e-02
8.835450000000000248e-01 1.825600000000000139e-02
8.752760000000000540e-01 1.971499999999999989e-02
8.673659999999999703e-01 2.114999999999999866e-02
8.586460000000000203e-01 2.277900000000000064e-02
8.483349999999999502e-01 2.476300000000000029e-02
8.391659999999999675e-01 2.657500000000000140e-02
8.303239999999999510e-01 2.835599999999999926e-02
8.207370000000000498e-01 3.030800000000000161e-02
8.115090000000000359e-01 3.218399999999999733e-02
8.015200000000000102e-01 3.418100000000000305e-02
7.899629999999999708e-01 3.638299999999999867e-02
7.793280000000000207e-01 3.824099999999999722e-02
7.696020000000000083e-01 3.977699999999999986e-02
7.585960000000000480e-01 4.132999999999999868e-02
7.485779999999999657e-01 4.257699999999999679e-02
7.372220000000000439e-01 4.380900000000000072e-02
7.269440000000000346e-01 4.476900000000000324e-02
7.147639999999999549e-01 4.573699999999999988e-02
7.024939999999999518e-01 4.655900000000000316e-02
6.920490000000000252e-01 4.716599999999999959e-02
6.797309999999999741e-01 4.781200000000000033e-02
6.691099999999999826e-01 4.834499999999999909e-02
6.565250000000000252e-01 4.898600000000000176e-02
6.431099999999999595e-01 4.969599999999999712e-02
6.329329999999999679e-01 5.025299999999999906e-02
6.193670000000000009e-01 5.101800000000000085e-02
6.065199999999999481e-01 5.176800000000000151e-02
5.953340000000000298e-01 5.243899999999999950e-02
5.822899999999999743e-01 5.324399999999999966e-02
5.710690000000000488e-01 5.395400000000000196e-02
5.578619999999999690e-01 5.481400000000000161e-02
5.466360000000000108e-01 5.556500000000000328e-02
5.333020000000000538e-01 5.646700000000000330e-02
5.193489999999999496e-01 5.739899999999999863e-02
5.086730000000000418e-01 5.808699999999999974e-02
4.947630000000000083e-01 5.892900000000000221e-02
4.813160000000000216e-01 5.966199999999999976e-02
4.702009999999999801e-01 6.019200000000000245e-02
4.567519999999999913e-01 6.071800000000000114e-02
4.457220000000000071e-01 6.104300000000000004e-02
4.323159999999999781e-01 6.129199999999999926e-02
4.186920000000000086e-01 6.139300000000000312e-02
4.080619999999999803e-01 6.137800000000000200e-02
3.945810000000000151e-01 6.125599999999999795e-02
3.840459999999999985e-01 6.109200000000000047e-02
3.707289999999999752e-01 6.081199999999999800e-02
3.576920000000000099e-01 6.047299999999999898e-02
3.471910000000000274e-01 6.016400000000000220e-02
3.343470000000000053e-01 5.975599999999999662e-02
3.215120000000000200e-01 5.932300000000000073e-02
3.114029999999999854e-01 5.896300000000000152e-02
2.988179999999999725e-01 5.848199999999999926e-02
2.889129999999999754e-01 5.807299999999999962e-02
2.766089999999999938e-01 5.752000000000000168e-02
2.644980000000000109e-01 5.691899999999999737e-02
2.549379999999999979e-01 5.639899999999999775e-02
2.431419999999999970e-01 5.569600000000000245e-02
2.315859999999999863e-01 5.493599999999999872e-02
2.223100000000000076e-01 5.427200000000000080e-02
2.112219999999999931e-01 5.341100000000000014e-02
2.022440000000000071e-01 5.265899999999999748e-02
1.915530000000000010e-01 5.169699999999999990e-02
1.808299999999999907e-01 5.065800000000000164e-02
1.726300000000000057e-01 4.981399999999999717e-02
1.623370000000000091e-01 4.868800000000000211e-02
1.544959999999999944e-01 4.778000000000000302e-02
1.446570000000000078e-01 4.657599999999999935e-02
1.353449999999999931e-01 4.536799999999999861e-02
1.278330000000000022e-01 4.434099999999999847e-02
1.190179999999999988e-01 4.307500000000000218e-02
1.102280000000000065e-01 4.174100000000000033e-02
1.036090000000000066e-01 4.068599999999999994e-02
9.534399999999999820e-02 3.930199999999999666e-02
8.915399999999999714e-02 3.821399999999999797e-02
8.143499999999999350e-02 3.678499999999999825e-02
7.423100000000000531e-02 3.537499999999999672e-02
6.853199999999999570e-02 3.419900000000000023e-02
6.189900000000000263e-02 3.275499999999999939e-02
5.666600000000000109e-02 3.154799999999999965e-02
5.061700000000000227e-02 3.007200000000000151e-02
4.475599999999999717e-02 2.853800000000000087e-02
4.041100000000000247e-02 2.732700000000000060e-02
3.516600000000000281e-02 2.575399999999999912e-02
3.032800000000000079e-02 2.417800000000000157e-02
2.669300000000000145e-02 2.288700000000000109e-02
2.247100000000000139e-02 2.124799999999999953e-02
1.935699999999999921e-02 1.990700000000000108e-02
1.576100000000000070e-02 1.818600000000000078e-02
1.257899999999999990e-02 1.643899999999999875e-02
1.022099999999999918e-02 1.496300000000000061e-02
7.697999999999999982e-03 1.312800000000000078e-02
5.866999999999999819e-03 1.156699999999999916e-02
4.000000000000000083e-03 9.646000000000000060e-03
2.413999999999999913e-03 7.575000000000000136e-03
1.495000000000000018e-03 6.013000000000000116e-03
6.030000000000000204e-04 3.893999999999999892e-03
1.279999999999999942e-04 1.840999999999999972e-03
-0.000000000000000000e+00 1.540000000000000028e-04
1.289999999999999914e-04 -1.526999999999999929e-03
6.040000000000000447e-04 -3.556999999999999832e-03
1.495000000000000018e-03 -5.636000000000000384e-03
2.410999999999999949e-03 -7.159999999999999698e-03
3.989000000000000358e-03 -9.168000000000000801e-03
5.845000000000000369e-03 -1.101899999999999928e-02
7.662000000000000408e-03 -1.251799999999999961e-02
1.016700000000000069e-02 -1.427100000000000070e-02
1.250700000000000076e-02 -1.567699999999999996e-02
1.566400000000000084e-02 -1.733200000000000018e-02
1.923199999999999910e-02 -1.895600000000000063e-02
2.232500000000000109e-02 -2.020999999999999880e-02
2.652099999999999944e-02 -2.173200000000000132e-02
3.110900000000000123e-02 -2.321900000000000006e-02
3.495299999999999796e-02 -2.434800000000000159e-02
4.018000000000000044e-02 -2.575500000000000012e-02
4.451299999999999701e-02 -2.682400000000000062e-02
5.036299999999999805e-02 -2.816099999999999853e-02
5.640400000000000275e-02 -2.943000000000000130e-02
6.163099999999999828e-02 -3.045799999999999896e-02
6.826100000000000223e-02 -3.167799999999999783e-02
7.541399999999999493e-02 -3.291499999999999981e-02
8.115899999999999503e-02 -3.385400000000000215e-02
8.887799999999999867e-02 -3.505799999999999889e-02
9.506799999999999973e-02 -3.597899999999999709e-02
1.033319999999999933e-01 -3.716400000000000259e-02
1.116309999999999941e-01 -3.830499999999999877e-02
1.187420000000000003e-01 -3.925300000000000317e-02
1.275580000000000047e-01 -4.039299999999999835e-02
1.350699999999999956e-01 -4.134000000000000175e-02
1.443820000000000103e-01 -4.248600000000000293e-02
1.542209999999999970e-01 -4.367000000000000048e-02
1.620610000000000106e-01 -4.459699999999999775e-02
1.723530000000000062e-01 -4.579099999999999837e-02
1.826180000000000025e-01 -4.695599999999999774e-02
1.912739999999999996e-01 -4.791399999999999826e-02
2.019630000000000036e-01 -4.905500000000000138e-02
2.109389999999999876e-01 -4.996699999999999753e-02
2.221200000000000119e-01 -5.102500000000000091e-02
2.335710000000000008e-01 -5.201900000000000274e-02
2.428530000000000133e-01 -5.276000000000000134e-02
2.546470000000000122e-01 -5.362399999999999806e-02
2.642039999999999944e-01 -5.426199999999999773e-02
2.763120000000000021e-01 -5.500000000000000028e-02
2.886139999999999817e-01 -5.567099999999999826e-02
2.985169999999999768e-01 -5.616000000000000159e-02
3.111010000000000164e-01 -5.671600000000000252e-02
3.237180000000000057e-01 -5.721099999999999797e-02
3.340420000000000056e-01 -5.756900000000000212e-02
3.468829999999999969e-01 -5.796300000000000063e-02
3.573810000000000042e-01 -5.823300000000000004e-02
3.704120000000000190e-01 -5.850099999999999745e-02
3.837189999999999768e-01 -5.868799999999999711e-02
3.942410000000000081e-01 -5.876900000000000179e-02
4.077020000000000088e-01 -5.878499999999999698e-02
4.209959999999999813e-01 -5.870100000000000318e-02
4.318980000000000041e-01 -5.855899999999999994e-02
4.452599999999999891e-01 -5.829299999999999760e-02
4.562470000000000137e-01 -5.800500000000000100e-02
4.696339999999999959e-01 -5.757500000000000118e-02
4.834019999999999984e-01 -5.706399999999999667e-02
4.940599999999999992e-01 -5.662799999999999778e-02
5.078799999999999981e-01 -5.603199999999999847e-02
5.212059999999999471e-01 -5.543300000000000310e-02
5.323320000000000274e-01 -5.493399999999999672e-02
5.455640000000000489e-01 -5.434599999999999848e-02
5.567020000000000302e-01 -5.387200000000000322e-02
5.698039999999999772e-01 -5.333299999999999846e-02
5.834570000000000034e-01 -5.276000000000000134e-02
5.938750000000000417e-01 -5.228300000000000308e-02
6.074509999999999632e-01 -5.157300000000000079e-02
6.203840000000000465e-01 -5.076100000000000056e-02
6.311890000000000001e-01 -4.995200000000000334e-02
6.441249999999999476e-01 -4.879000000000000004e-02
6.569869999999999877e-01 -4.738799999999999957e-02
6.677840000000000442e-01 -4.599199999999999816e-02
6.799929999999999586e-01 -4.415800000000000280e-02
6.906390000000000029e-01 -4.236399999999999888e-02
7.025780000000000358e-01 -4.017799999999999844e-02
7.154690000000000216e-01 -3.766400000000000303e-02
7.268700000000000161e-01 -3.535200000000000148e-02
7.373060000000000169e-01 -3.320200000000000234e-02
7.483880000000000532e-01 -3.091199999999999851e-02
7.585819999999999785e-01 -2.882900000000000046e-02
7.693280000000000118e-01 -2.667999999999999886e-02
7.814780000000000060e-01 -2.433499999999999899e-02
7.918669999999999876e-01 -2.241999999999999896e-02
8.014010000000000300e-01 -2.074099999999999902e-02
8.114160000000000261e-01 -1.904799999999999896e-02
8.206050000000000288e-01 -1.755599999999999869e-02
8.302289999999999948e-01 -1.604999999999999830e-02
8.390440000000000120e-01 -1.472200000000000071e-02
8.482610000000000428e-01 -1.338199999999999980e-02
8.585679999999999978e-01 -1.194600000000000002e-02
8.673469999999999791e-01 -1.077400000000000059e-02
8.752459999999999685e-01 -9.761999999999999844e-03
8.835800000000000320e-01 -8.736000000000000709e-03
8.910219999999999807e-01 -7.860000000000000667e-03
8.988960000000000283e-01 -6.976000000000000430e-03
9.072750000000000536e-01 -6.102999999999999918e-03
9.148220000000000240e-01 -5.372000000000000039e-03
9.210409999999999986e-01 -4.799000000000000314e-03
9.280709999999999793e-01 -4.185999999999999617e-03
9.337910000000000377e-01 -3.716999999999999818e-03
9.405120000000000147e-01 -3.199000000000000021e-03
9.466250000000000497e-01 -2.760999999999999999e-03
9.517160000000000064e-01 -2.420999999999999975e-03
9.571450000000000236e-01 -2.086999999999999880e-03
9.627130000000000409e-01 -1.773999999999999969e-03
9.674779999999999491e-01 -1.533000000000000074e-03
9.714669999999999694e-01 -1.347000000000000107e-03
9.756439999999999557e-01 -1.172000000000000082e-03
9.798200000000000243e-01 -1.013999999999999927e-03
9.833790000000000031e-01 -8.940000000000000464e-04
9.867489999999999872e-01 -7.910000000000000364e-04
9.896770000000000289e-01 -7.119999999999999593e-04
9.922130000000000116e-01 -6.489999999999999459e-04
9.948939999999999451e-01 -5.910000000000000539e-04
9.968939999999999468e-01 -5.519999999999999733e-04
9.985889999999999489e-01 -5.220000000000000031e-04
1.000000000000000000e+00 -5.000000000000000104e-04
1.000000000000000000e+00 -3.499999999999999693e-05
