1.000000000000000000e+00 5.899999999999999754e-05
1.000000000000000000e+00 3.069999999999999812e-04
9.986150000000000304e-01 6.679999999999999740e-04
9.969519999999999493e-01 1.103999999999999947e-03
9.946540000000000381e-01 1.706999999999999967e-03
9.923549999999999871e-01 2.312999999999999952e-03
9.898639999999999661e-01 2.969999999999999984e-03
9.869879999999999765e-01 3.730999999999999941e-03
9.836770000000000236e-01 4.608000000000000117e-03
9.801809999999999690e-01 5.534999999999999989e-03
9.760760000000000547e-01 6.622000000000000282e-03
9.719710000000000294e-01 7.706000000000000176e-03
9.671419999999999462e-01 8.977000000000000604e-03
9.623819999999999597e-01 1.022299999999999945e-02
9.578870000000000440e-01 1.139300000000000035e-02
9.522699999999999498e-01 1.284500000000000051e-02
9.464190000000000103e-01 1.434500000000000011e-02
9.399690000000000545e-01 1.598300000000000068e-02
9.348929999999999740e-01 1.726000000000000104e-02
9.278170000000000028e-01 1.901999999999999871e-02
9.210129999999999706e-01 2.069000000000000006e-02
9.146349999999999758e-01 2.223599999999999882e-02
9.073329999999999451e-01 2.397799999999999931e-02
8.987960000000000393e-01 2.599299999999999874e-02
8.909920000000000062e-01 2.781700000000000145e-02
8.835450000000000248e-01 2.952899999999999969e-02
8.752760000000000540e-01 3.139800000000000230e-02
8.673659999999999703e-01 3.314999999999999891e-02
8.586460000000000203e-01 3.504399999999999876e-02
8.483349999999999502e-01 3.722999999999999921e-02
8.391659999999999675e-01 3.912899999999999712e-02
8.303239999999999510e-01 4.091899999999999704e-02
8.207370000000000498e-01 4.281999999999999695e-02
8.115090000000000359e-01 4.461199999999999888e-02
8.015200000000000102e-01 4.651899999999999785e-02
7.899629999999999708e-01 4.869600000000000317e-02
7.793280000000000207e-01 5.068700000000000289e-02
7.696020000000000083e-01 5.249700000000000200e-02
7.585960000000000480e-01 5.452300000000000202e-02
7.485779999999999657e-01 5.633699999999999819e-02
7.372220000000000439e-01 5.834199999999999803e-02
7.269440000000000346e-01 6.009199999999999958e-02
7.147639999999999549e-01 6.206400000000000111e-02
7.024939999999999518e-01 6.390800000000000647e-02
6.920490000000000252e-01 6.533899999999999431e-02
6.797309999999999741e-01 6.683300000000000352e-02
6.691099999999999826e-01 6.792700000000000127e-02
6.565250000000000252e-01 6.896700000000000053e-02
6.431099999999999595e-01 6.978700000000000181e-02
6.329329999999999679e-01 7.023100000000000176e-02
6.193670000000000009e-01 7.061099999999999322e-02
6.065199999999999481e-01 7.077899999999999470e-02
5.953340000000000298e-01 7.079699999999999882e-02
5.822899999999999743e-01 7.069599999999999496e-02
5.710690000000000488e-01 7.052600000000000535e-02
5.578619999999999690e-01 7.026100000000000401e-02
5.466360000000000108e-01 7.000199999999999478e-02
5.333020000000000538e-01 6.966400000000000370e-02
5.193489999999999496e-01 6.927600000000000424e-02
5.086730000000000418e-01 6.895400000000000140e-02
4.947630000000000083e-01 6.850499999999999645e-02
4.813160000000000216e-01 6.803700000000000025e-02
4.702009999999999801e-01 6.762700000000000655e-02
4.567519999999999913e-01 6.710199999999999498e-02
4.457220000000000071e-01 6.665000000000000091e-02
4.323159999999999781e-01 6.607499999999999485e-02
4.186920000000000086e-01 6.547699999999999354e-02
4.080619999999999803e-01 6.501099999999999934e-02
3.945810000000000151e-01 6.443500000000000616e-02
3.840459999999999985e-01 6.400500000000000633e-02
3.707289999999999752e-01 6.349799999999999889e-02
3.576920000000000099e-01 6.305399999999999894e-02
3.471910000000000274e-01 6.274200000000000610e-02
3.343470000000000053e-01 6.242400000000000032e-02
3.215120000000000200e-01 6.218300000000000216e-02
3.114029999999999854e-01 6.203499999999999986e-02
2.988179999999999725e-01 6.188400000000000151e-02
2.889129999999999754e-01 6.177300000000000152e-02
2.766089999999999938e-01 6.162600000000000022e-02
2.644980000000000109e-01 6.144899999999999668e-02
2.549379999999999979e-01 6.127300000000000108e-02
2.431419999999999970e-01 6.099600000000000161e-02
2.315859999999999863e-01 6.064499999999999752e-02
2.223100000000000076e-01 6.029700000000000337e-02
2.112219999999999931e-01 5.979299999999999893e-02
2.022440000000000071e-01 5.930499999999999661e-02
1.915530000000000010e-01 5.861700000000000244e-02
1.808299999999999907e-01 5.780099999999999821e-02
1.726300000000000057e-01 5.709000000000000186e-02
1.623370000000000091e-01 5.609200000000000297e-02
1.544959999999999944e-01 5.525200000000000250e-02
1.446570000000000078e-01 5.410399999999999932e-02
1.353449999999999931e-01 5.291900000000000076e-02
1.278330000000000022e-01 5.189400000000000263e-02
1.190179999999999988e-01 5.060900000000000121e-02
1.102280000000000065e-01 4.923500000000000099e-02
1.036090000000000066e-01 4.813599999999999823e-02
9.534399999999999820e-02 4.667799999999999727e-02
8.915399999999999714e-02 4.551899999999999696e-02
8.143499999999999350e-02 4.398200000000000026e-02
7.423100000000000531e-02 4.244900000000000062e-02
6.853199999999999570e-02 4.115699999999999914e-02
6.189900000000000263e-02 3.955499999999999988e-02
5.666600000000000109e-02 3.820400000000000185e-02
5.061700000000000227e-02 3.653399999999999703e-02
4.475599999999999717e-02 3.478099999999999942e-02
4.041100000000000247e-02 3.338499999999999801e-02
3.516600000000000281e-02 3.155700000000000172e-02
3.032800000000000079e-02 2.970799999999999830e-02
2.669300000000000145e-02 2.818199999999999872e-02
2.247100000000000139e-02 2.623100000000000084e-02
1.935699999999999921e-02 2.462599999999999859e-02
1.576100000000000070e-02 2.255400000000000113e-02
1.257899999999999990e-02 2.043899999999999884e-02
1.022099999999999918e-02 1.864400000000000085e-02
7.697999999999999982e-03 1.640600000000000044e-02
5.866999999999999819e-03 1.449600000000000020e-02
4.000000000000000083e-03 1.213700000000000022e-02
2.413999999999999913e-03 9.584000000000000505e-03
1.495000000000000018e-03 7.649999999999999682e-03
6.030000000000000204e-04 5.014000000000000228e-03
1.279999999999999942e-04 2.443999999999999992e-03
-0.000000000000000000e+00 3.159999999999999832e-04
1.289999999999999914e-04 -1.820999999999999919e-03
6.040000000000000447e-04 -4.427000000000000379e-03
1.495000000000000018e-03 -7.128999999999999920e-03
2.410999999999999949e-03 -9.133999999999999758e-03
3.989000000000000358e-03 -1.181199999999999958e-02
5.845000000000000369e-03 -1.431900000000000013e-02
7.662000000000000408e-03 -1.637800000000000020e-02
1.016700000000000069e-02 -1.881800000000000139e-02
1.250700000000000076e-02 -2.080100000000000005e-02
1.566400000000000084e-02 -2.316199999999999856e-02
1.923199999999999910e-02 -2.550200000000000036e-02
2.232500000000000109e-02 -2.732100000000000153e-02
2.652099999999999944e-02 -2.953599999999999975e-02
3.110900000000000123e-02 -3.169899999999999801e-02
3.495299999999999796e-02 -3.333499999999999658e-02
4.018000000000000044e-02 -3.534999999999999948e-02
4.451299999999999701e-02 -3.685700000000000087e-02
5.036299999999999805e-02 -3.869600000000000123e-02
5.640400000000000275e-02 -4.038100000000000023e-02
6.163099999999999828e-02 -4.168800000000000283e-02
6.826100000000000223e-02 -4.315700000000000092e-02
7.541399999999999493e-02 -4.453200000000000214e-02
8.115899999999999503e-02 -4.548499999999999766e-02
8.887799999999999867e-02 -4.657499999999999835e-02
9.506799999999999973e-02 -4.729200000000000070e-02
1.033319999999999933e-01 -4.804800000000000043e-02
1.116309999999999941e-01 -4.857700000000000212e-02
1.187420000000000003e-01 -4.885300000000000059e-02
1.275580000000000047e-01 -4.896999999999999964e-02
1.350699999999999956e-01 -4.887600000000000278e-02
1.443820000000000103e-01 -4.851799999999999863e-02
1.542209999999999970e-01 -4.785699999999999676e-02
1.620610000000000106e-01 -4.713099999999999928e-02
1.723530000000000062e-01 -4.592999999999999861e-02
1.826180000000000025e-01 -4.448300000000000171e-02
1.912739999999999996e-01 -4.311000000000000248e-02
2.019630000000000036e-01 -4.129200000000000231e-02
2.109389999999999876e-01 -3.974199999999999955e-02
2.221200000000000119e-01 -3.789900000000000213e-02
2.335710000000000008e-01 -3.616400000000000170e-02
2.428530000000000133e-01 -3.488000000000000128e-02
2.546470000000000122e-01 -3.342200000000000032e-02
2.642039999999999944e-01 -3.238800000000000012e-02
2.763120000000000021e-01 -3.127400000000000319e-02
2.886139999999999817e-01 -3.036300000000000110e-02
2.985169999999999768e-01 -2.978700000000000098e-02
3.111010000000000164e-01 -2.923800000000000010e-02
3.237180000000000057e-01 -2.887100000000000083e-02
3.340420000000000056e-01 -2.867799999999999863e-02
3.468829999999999969e-01 -2.853899999999999840e-02
3.573810000000000042e-01 -2.847999999999999837e-02
3.704120000000000190e-01 -2.843899999999999900e-02
3.837189999999999768e-01 -2.838999999999999857e-02
3.942410000000000081e-01 -2.831699999999999842e-02
4.077020000000000088e-01 -2.814200000000000035e-02
4.209959999999999813e-01 -2.783599999999999963e-02
4.318980000000000041e-01 -2.745900000000000077e-02
4.452599999999999891e-01 -2.680300000000000044e-02
4.562470000000000137e-01 -2.608999999999999861e-02
4.696339999999999959e-01 -2.502700000000000063e-02
4.834019999999999984e-01 -2.375899999999999887e-02
4.940599999999999992e-01 -2.267900000000000124e-02
5.078799999999999981e-01 -2.119599999999999956e-02
5.212059999999999471e-01 -1.971099999999999935e-02
5.323320000000000274e-01 -1.846599999999999978e-02
5.455640000000000489e-01 -1.700499999999999928e-02
5.567020000000000302e-01 -1.582499999999999879e-02
5.698039999999999772e-01 -1.451200000000000059e-02
5.834570000000000034e-01 -1.322399999999999964e-02
5.938750000000000417e-01 -1.228399999999999978e-02
6.074509999999999632e-01 -1.110500000000000029e-02
6.203840000000000465e-01 -1.001100000000000080e-02
6.311890000000000001e-01 -9.112000000000000308e-03
6.441249999999999476e-01 -8.038000000000000006e-03
6.569869999999999877e-01 -6.962000000000000306e-03
6.677840000000000442e-01 -6.042999999999999761e-03
6.799929999999999586e-01 -4.982999999999999582e-03
6.906390000000000029e-01 -4.048999999999999648e-03
7.025780000000000358e-01 -3.003000000000000027e-03
7.154690000000000216e-01 -1.889000000000000054e-03
7.268700000000000161e-01 -9.280000000000000054e-04
7.373060000000000169e-01 -7.899999999999999579e-05
7.483880000000000532e-01 7.839999999999999747e-04
7.585819999999999785e-01 1.536999999999999955e-03
7.693280000000000118e-01 2.282999999999999873e-03
7.814780000000000060e-01 3.063000000000000184e-03
7.918669999999999876e-01 3.674999999999999881e-03
8.014010000000000300e-01 4.190000000000000148e-03
8.114160000000000261e-01 4.686000000000000061e-03
8.206050000000000288e-01 5.096999999999999968e-03
8.302289999999999948e-01 5.485000000000000292e-03
8.390440000000000120e-01 5.798000000000000202e-03
8.482610000000000428e-01 6.082999999999999866e-03
8.585679999999999978e-01 6.344999999999999946e-03
8.673469999999999791e-01 6.518000000000000356e-03
8.752459999999999685e-01 6.633000000000000007e-03
8.835800000000000320e-01 6.708000000000000421e-03
8.910219999999999807e-01 6.729999999999999871e-03
8.988960000000000283e-01 6.706000000000000155e-03
9.072750000000000536e-01 6.604999999999999760e-03
9.148220000000000240e-01 6.448999999999999871e-03
9.210409999999999986e-01 6.281000000000000125e-03
9.280709999999999793e-01 6.041999999999999628e-03
9.337910000000000377e-01 5.807999999999999795e-03
9.405120000000000147e-01 5.484000000000000159e-03
9.466250000000000497e-01 5.139999999999999604e-03
9.517160000000000064e-01 4.815999999999999968e-03
9.571450000000000236e-01 4.431000000000000043e-03
9.627130000000000409e-01 3.990999999999999756e-03
9.674779999999999491e-01 3.576000000000000185e-03
9.714669999999999694e-01 3.203000000000000118e-03
9.756439999999999557e-01 2.785000000000000149e-03
9.798200000000000243e-01 2.340000000000000066e-03
9.833790000000000031e-01 1.938999999999999968e-03
9.867489999999999872e-01 1.541999999999999968e-03
9.896770000000000289e-01 1.183000000000000024e-03
9.922130000000000116e-01 8.610000000000000032e-04
9.948939999999999451e-01 5.100000000000000366e-04
9.968939999999999468e-01 2.420000000000000005e-04
9.985889999999999489e-01 9.000000000000000228e-06
1.000000000000000000e+00 -1.879999999999999890e-04
1.000000000000000000e+00 5.899999999999999754e-05
