1.000000000000000000e+00 3.199999999999999855e-05
1.000000000000000000e+00 2.500000000000000052e-04
9.986150000000000304e-01 5.720000000000000258e-04
9.969519999999999493e-01 9.640000000000000131e-04
9.946540000000000381e-01 1.512000000000000106e-03
9.923549999999999871e-01 2.067999999999999960e-03
9.898639999999999661e-01 2.674999999999999861e-03
9.869879999999999765e-01 3.383000000000000156e-03
9.836770000000000236e-01 4.203000000000000139e-03
9.801809999999999690e-01 5.072000000000000119e-03
9.760760000000000547e-01 6.093999999999999591e-03
9.719710000000000294e-01 7.114999999999999797e-03
9.671419999999999462e-01 8.309999999999999679e-03
9.623819999999999597e-01 9.478999999999999579e-03
9.578870000000000440e-01 1.057199999999999980e-02
9.522699999999999498e-01 1.192299999999999957e-02
9.464190000000000103e-01 1.330800000000000038e-02
9.399690000000000545e-01 1.480700000000000072e-02
9.348929999999999740e-01 1.596500000000000002e-02
9.278170000000000028e-01 1.754299999999999957e-02
9.210129999999999706e-01 1.901999999999999871e-02
9.146349999999999758e-01 2.036699999999999969e-02
9.073329999999999451e-01 2.186099999999999849e-02
8.987960000000000393e-01 2.355600000000000055e-02
8.909920000000000062e-01 2.505800000000000041e-02
8.835450000000000248e-01 2.643600000000000116e-02
8.752760000000000540e-01 2.790400000000000172e-02
8.673659999999999703e-01 2.924300000000000163e-02
8.586460000000000203e-01 3.064800000000000163e-02
8.483349999999999502e-01 3.221600000000000158e-02
8.391659999999999675e-01 3.353099999999999831e-02
8.303239999999999510e-01 3.473500000000000199e-02
8.207370000000000498e-01 3.598500000000000310e-02
8.115090000000000359e-01 3.714800000000000046e-02
8.015200000000000102e-01 3.839299999999999657e-02
7.899629999999999708e-01 3.986399999999999666e-02
7.793280000000000207e-01 4.130099999999999744e-02
7.696020000000000083e-01 4.270000000000000184e-02
7.585960000000000480e-01 4.437200000000000172e-02
7.485779999999999657e-01 4.596499999999999891e-02
7.372220000000000439e-01 4.783400000000000152e-02
7.269440000000000346e-01 4.956200000000000189e-02
7.147639999999999549e-01 5.161999999999999922e-02
7.024939999999999518e-01 5.365899999999999836e-02
6.920490000000000252e-01 5.532600000000000018e-02
6.797309999999999741e-01 5.715800000000000047e-02
6.691099999999999826e-01 5.857500000000000207e-02
6.565250000000000252e-01 6.000699999999999784e-02
6.431099999999999595e-01 6.124000000000000277e-02
6.329329999999999679e-01 6.198800000000000143e-02
6.193670000000000009e-01 6.275100000000000122e-02
6.065199999999999481e-01 6.324799999999999867e-02
5.953340000000000298e-01 6.351700000000000401e-02
5.822899999999999743e-01 6.365899999999999337e-02
5.710690000000000488e-01 6.364899999999999725e-02
5.578619999999999690e-01 6.350000000000000089e-02
5.466360000000000108e-01 6.327499999999999791e-02
5.333020000000000538e-01 6.290500000000000258e-02
5.193489999999999496e-01 6.241300000000000320e-02
5.086730000000000418e-01 6.197500000000000231e-02
4.947630000000000083e-01 6.133600000000000163e-02
4.813160000000000216e-01 6.065799999999999664e-02
4.702009999999999801e-01 6.006600000000000134e-02
4.567519999999999913e-01 5.932099999999999873e-02
4.457220000000000071e-01 5.869699999999999918e-02
4.323159999999999781e-01 5.793399999999999939e-02
4.186920000000000086e-01 5.717599999999999766e-02
4.080619999999999803e-01 5.661000000000000060e-02
3.945810000000000151e-01 5.594199999999999867e-02
3.840459999999999985e-01 5.547200000000000047e-02
3.707289999999999752e-01 5.495799999999999991e-02
3.576920000000000099e-01 5.455999999999999739e-02
3.471910000000000274e-01 5.432599999999999929e-02
3.343470000000000053e-01 5.416100000000000081e-02
3.215120000000000200e-01 5.413599999999999662e-02
3.114029999999999854e-01 5.419100000000000306e-02
2.988179999999999725e-01 5.431099999999999817e-02
2.889129999999999754e-01 5.441499999999999809e-02
2.766089999999999938e-01 5.452100000000000002e-02
2.644980000000000109e-01 5.456500000000000239e-02
2.549379999999999979e-01 5.453600000000000114e-02
2.431419999999999970e-01 5.439999999999999697e-02
2.315859999999999863e-01 5.414100000000000162e-02
2.223100000000000076e-01 5.383299999999999891e-02
2.112219999999999931e-01 5.333899999999999753e-02
2.022440000000000071e-01 5.283500000000000002e-02
1.915530000000000010e-01 5.212499999999999772e-02
1.808299999999999907e-01 5.129899999999999738e-02
1.726300000000000057e-01 5.059799999999999714e-02
1.623370000000000091e-01 4.963299999999999657e-02
1.544959999999999944e-01 4.883599999999999747e-02
1.446570000000000078e-01 4.776199999999999890e-02
1.353449999999999931e-01 4.667000000000000315e-02
1.278330000000000022e-01 4.573300000000000282e-02
1.190179999999999988e-01 4.457200000000000051e-02
1.102280000000000065e-01 4.334199999999999858e-02
1.036090000000000066e-01 4.236700000000000188e-02
9.534399999999999820e-02 4.108500000000000346e-02
8.915399999999999714e-02 4.007600000000000051e-02
8.143499999999999350e-02 3.875100000000000072e-02
7.423100000000000531e-02 3.744299999999999712e-02
6.853199999999999570e-02 3.634899999999999937e-02
6.189900000000000263e-02 3.500600000000000239e-02
5.666600000000000109e-02 3.388100000000000139e-02
5.061700000000000227e-02 3.249900000000000011e-02
4.475599999999999717e-02 3.105499999999999927e-02
4.041100000000000247e-02 2.990699999999999956e-02
3.516600000000000281e-02 2.840200000000000016e-02
3.032800000000000079e-02 2.687600000000000058e-02
2.669300000000000145e-02 2.560799999999999882e-02
2.247100000000000139e-02 2.397399999999999878e-02
1.935699999999999921e-02 2.261399999999999869e-02
1.576100000000000070e-02 2.083499999999999935e-02
1.257899999999999990e-02 1.898899999999999894e-02
1.022099999999999918e-02 1.739800000000000027e-02
7.697999999999999982e-03 1.538300000000000084e-02
5.866999999999999819e-03 1.363699999999999982e-02
4.000000000000000083e-03 1.145299999999999964e-02
2.413999999999999913e-03 9.062999999999999876e-03
1.495000000000000018e-03 7.241000000000000041e-03
6.030000000000000204e-04 4.754000000000000413e-03
1.279999999999999942e-04 2.338999999999999933e-03
-0.000000000000000000e+00 3.579999999999999741e-04
1.289999999999999914e-04 -1.601999999999999908e-03
6.040000000000000447e-04 -3.943000000000000324e-03
1.495000000000000018e-03 -6.294000000000000115e-03
2.410999999999999949e-03 -7.978000000000000716e-03
3.989000000000000358e-03 -1.013700000000000018e-02
5.845000000000000369e-03 -1.205499999999999974e-02
7.662000000000000408e-03 -1.354799999999999928e-02
1.016700000000000069e-02 -1.522199999999999942e-02
1.250700000000000076e-02 -1.650300000000000031e-02
1.566400000000000084e-02 -1.793799999999999908e-02
1.923199999999999910e-02 -1.926399999999999987e-02
2.232500000000000109e-02 -2.023600000000000051e-02
2.652099999999999944e-02 -2.135099999999999845e-02
3.110900000000000123e-02 -2.238000000000000059e-02
3.495299999999999796e-02 -2.312200000000000019e-02
4.018000000000000044e-02 -2.400899999999999909e-02
4.451299999999999701e-02 -2.465799999999999936e-02
5.036299999999999805e-02 -2.544899999999999940e-02
5.640400000000000275e-02 -2.618600000000000094e-02
6.163099999999999828e-02 -2.678399999999999878e-02
6.826100000000000223e-02 -2.750199999999999867e-02
7.541399999999999493e-02 -2.825400000000000134e-02
8.115899999999999503e-02 -2.884799999999999864e-02
8.887799999999999867e-02 -2.965399999999999980e-02
9.506799999999999973e-02 -3.031000000000000014e-02
1.033319999999999933e-01 -3.121700000000000169e-02
1.116309999999999941e-01 -3.216900000000000315e-02
1.187420000000000003e-01 -3.302499999999999880e-02
1.275580000000000047e-01 -3.414199999999999874e-02
1.350699999999999956e-01 -3.514699999999999769e-02
1.443820000000000103e-01 -3.646100000000000035e-02
1.542209999999999970e-01 -3.792999999999999844e-02
1.620610000000000106e-01 -3.915199999999999930e-02
1.723530000000000062e-01 -4.081300000000000205e-02
1.826180000000000025e-01 -4.249700000000000005e-02
1.912739999999999996e-01 -4.390199999999999658e-02
2.019630000000000036e-01 -4.555100000000000121e-02
2.109389999999999876e-01 -4.679099999999999926e-02
2.221200000000000119e-01 -4.804900000000000143e-02
2.335710000000000008e-01 -4.897800000000000070e-02
2.428530000000000133e-01 -4.946199999999999902e-02
2.546470000000000122e-01 -4.973700000000000343e-02
2.642039999999999944e-01 -4.968500000000000000e-02
2.763120000000000021e-01 -4.928500000000000242e-02
2.886139999999999817e-01 -4.851899999999999963e-02
2.985169999999999768e-01 -4.766700000000000104e-02
3.111010000000000164e-01 -4.632200000000000206e-02
3.237180000000000057e-01 -4.474299999999999805e-02
3.340420000000000056e-01 -4.332500000000000240e-02
3.468829999999999969e-01 -4.146500000000000186e-02
3.573810000000000042e-01 -3.988300000000000178e-02
3.704120000000000190e-01 -3.786699999999999788e-02
3.837189999999999768e-01 -3.577299999999999924e-02
3.942410000000000081e-01 -3.411200000000000343e-02
4.077020000000000088e-01 -3.201199999999999879e-02
4.209959999999999813e-01 -2.999200000000000130e-02
4.318980000000000041e-01 -2.840200000000000016e-02
4.452599999999999891e-01 -2.656100000000000128e-02
4.562470000000000137e-01 -2.515799999999999981e-02
4.696339999999999959e-01 -2.357000000000000067e-02
4.834019999999999984e-01 -2.206899999999999834e-02
4.940599999999999992e-01 -2.098300000000000165e-02
5.078799999999999981e-01 -1.966800000000000145e-02
5.212059999999999471e-01 -1.847800000000000137e-02
5.323320000000000274e-01 -1.753800000000000150e-02
5.455640000000000489e-01 -1.646500000000000047e-02
5.567020000000000302e-01 -1.559199999999999996e-02
5.698039999999999772e-01 -1.458500000000000074e-02
5.834570000000000034e-01 -1.355699999999999961e-02
5.938750000000000417e-01 -1.277900000000000043e-02
6.074509999999999632e-01 -1.177100000000000021e-02
6.203840000000000465e-01 -1.080899999999999916e-02
6.311890000000000001e-01 -1.000099999999999947e-02
6.441249999999999476e-01 -9.020999999999999505e-03
6.569869999999999877e-01 -8.028999999999999679e-03
6.677840000000000442e-01 -7.180999999999999883e-03
6.799929999999999586e-01 -6.204000000000000313e-03
6.906390000000000029e-01 -5.349999999999999721e-03
7.025780000000000358e-01 -4.403999999999999929e-03
7.154690000000000216e-01 -3.413999999999999934e-03
7.268700000000000161e-01 -2.576999999999999864e-03
7.373060000000000169e-01 -1.853999999999999962e-03
7.483880000000000532e-01 -1.136999999999999990e-03
7.585819999999999785e-01 -5.289999999999999564e-04
7.693280000000000118e-01 5.700000000000000314e-05
7.814780000000000060e-01 6.489999999999999459e-04
7.918669999999999876e-01 1.097000000000000102e-03
8.014010000000000300e-01 1.467999999999999904e-03
8.114160000000000261e-01 1.827000000000000065e-03
8.206050000000000288e-01 2.137000000000000011e-03
8.302289999999999948e-01 2.448999999999999788e-03
8.390440000000000120e-01 2.723000000000000160e-03
8.482610000000000428e-01 3.001999999999999894e-03
8.585679999999999978e-01 3.298999999999999849e-03
8.673469999999999791e-01 3.537999999999999912e-03
8.752459999999999685e-01 3.736999999999999870e-03
8.835800000000000320e-01 3.928000000000000068e-03
8.910219999999999807e-01 4.075999999999999762e-03
8.988960000000000283e-01 4.203000000000000139e-03
9.072750000000000536e-01 4.282000000000000216e-03
9.148220000000000240e-01 4.303999999999999666e-03
9.210409999999999986e-01 4.290000000000000410e-03
9.280709999999999793e-01 4.233999999999999916e-03
9.337910000000000377e-01 4.152000000000000308e-03
9.405120000000000147e-01 4.010999999999999809e-03
9.466250000000000497e-01 3.834999999999999867e-03
9.517160000000000064e-01 3.651000000000000165e-03
9.571450000000000236e-01 3.412000000000000102e-03
9.627130000000000409e-01 3.122000000000000209e-03
9.674779999999999491e-01 2.831999999999999882e-03
9.714669999999999694e-01 2.560999999999999908e-03
9.756439999999999557e-01 2.246999999999999865e-03
9.798200000000000243e-01 1.904000000000000093e-03
9.833790000000000031e-01 1.587000000000000086e-03
9.867489999999999872e-01 1.266999999999999897e-03
9.896770000000000289e-01 9.719999999999999907e-04
9.922130000000000116e-01 7.050000000000000060e-04
9.948939999999999451e-01 4.110000000000000155e-04
9.968939999999999468e-01 1.830000000000000029e-04
9.985889999999999489e-01 -1.599999999999999928e-05
1.000000000000000000e+00 -1.849999999999999973e-04
1.000000000000000000e+00 3.199999999999999855e-05
