1.000000000000000000e+00 4.600000000000000004e-05
1.000000000000000000e+00 2.190000000000000106e-04
9.986150000000000304e-01 5.500000000000000331e-04
9.969519999999999493e-01 9.520000000000000467e-04
9.946540000000000381e-01 1.513000000000000022e-03
9.923549999999999871e-01 2.080999999999999951e-03
9.898639999999999661e-01 2.701999999999999975e-03
9.869879999999999765e-01 3.422999999999999828e-03
9.836770000000000236e-01 4.258999999999999765e-03
9.801809999999999690e-01 5.144000000000000135e-03
9.760760000000000547e-01 6.183000000000000128e-03
9.719710000000000294e-01 7.218999999999999723e-03
9.671419999999999462e-01 8.430999999999999259e-03
9.623819999999999597e-01 9.615000000000000283e-03
9.578870000000000440e-01 1.072000000000000036e-02
9.522699999999999498e-01 1.208399999999999926e-02
9.464190000000000103e-01 1.347899999999999966e-02
9.399690000000000545e-01 1.498700000000000032e-02
9.348929999999999740e-01 1.614799999999999916e-02
9.278170000000000028e-01 1.772800000000000070e-02
9.210129999999999706e-01 1.920200000000000032e-02
9.146349999999999758e-01 2.054200000000000123e-02
9.073329999999999451e-01 2.202499999999999944e-02
8.987960000000000393e-01 2.369699999999999931e-02
8.909920000000000062e-01 2.517099999999999893e-02
8.835450000000000248e-01 2.651799999999999990e-02
8.752760000000000540e-01 2.794500000000000109e-02
8.673659999999999703e-01 2.923999999999999863e-02
8.586460000000000203e-01 3.059200000000000114e-02
8.483349999999999502e-01 3.209200000000000247e-02
8.391659999999999675e-01 3.334700000000000164e-02
8.303239999999999510e-01 3.449499999999999789e-02
8.207370000000000498e-01 3.568899999999999850e-02
8.115090000000000359e-01 3.681299999999999850e-02
8.015200000000000102e-01 3.803600000000000037e-02
7.899629999999999708e-01 3.952300000000000257e-02
7.793280000000000207e-01 4.102700000000000097e-02
7.696020000000000083e-01 4.252999999999999836e-02
7.585960000000000480e-01 4.436400000000000066e-02
7.485779999999999657e-01 4.613500000000000240e-02
7.372220000000000439e-01 4.822900000000000104e-02
7.269440000000000346e-01 5.016700000000000326e-02
7.147639999999999549e-01 5.246200000000000169e-02
7.024939999999999518e-01 5.469899999999999762e-02
6.920490000000000252e-01 5.647900000000000142e-02
6.797309999999999741e-01 5.834600000000000203e-02
6.691099999999999826e-01 5.968299999999999994e-02
6.565250000000000252e-01 6.086600000000000343e-02
6.431099999999999595e-01 6.167999999999999872e-02
6.329329999999999679e-01 6.203800000000000286e-02
6.193670000000000009e-01 6.223399999999999765e-02
6.065199999999999481e-01 6.219500000000000028e-02
5.953340000000000298e-01 6.203899999999999693e-02
5.822899999999999743e-01 6.178199999999999664e-02
5.710690000000000488e-01 6.155200000000000254e-02
5.578619999999999690e-01 6.133999999999999869e-02
5.466360000000000108e-01 6.126500000000000001e-02
5.333020000000000538e-01 6.130700000000000038e-02
5.193489999999999496e-01 6.148300000000000293e-02
5.086730000000000418e-01 6.169199999999999684e-02
4.947630000000000083e-01 6.204400000000000193e-02
4.813160000000000216e-01 6.244600000000000151e-02
4.702009999999999801e-01 6.281000000000000472e-02
4.567519999999999913e-01 6.326800000000000479e-02
4.457220000000000071e-01 6.364499999999999325e-02
4.323159999999999781e-01 6.408300000000000107e-02
4.186920000000000086e-01 6.449100000000000665e-02
4.080619999999999803e-01 6.476800000000000612e-02
3.945810000000000151e-01 6.505099999999999771e-02
3.840459999999999985e-01 6.520600000000000007e-02
3.707289999999999752e-01 6.530299999999999994e-02
3.576920000000000099e-01 6.527199999999999669e-02
3.471910000000000274e-01 6.514399999999999358e-02
3.343470000000000053e-01 6.484600000000000086e-02
3.215120000000000200e-01 6.438599999999999879e-02
3.114029999999999854e-01 6.393600000000000672e-02
2.988179999999999725e-01 6.331299999999999428e-02
2.889129999999999754e-01 6.280199999999999672e-02
2.766089999999999938e-01 6.217999999999999916e-02
2.644980000000000109e-01 6.160999999999999810e-02
2.549379999999999979e-01 6.120500000000000246e-02
2.431419999999999970e-01 6.077400000000000163e-02
2.315859999999999863e-01 6.043500000000000261e-02
2.223100000000000076e-01 6.022500000000000075e-02
2.112219999999999931e-01 6.004600000000000215e-02
2.022440000000000071e-01 5.994499999999999829e-02
1.915530000000000010e-01 5.980699999999999905e-02
1.808299999999999907e-01 5.958299999999999708e-02
1.726300000000000057e-01 5.932199999999999973e-02
1.623370000000000091e-01 5.885399999999999660e-02
1.544959999999999944e-01 5.837799999999999934e-02
1.446570000000000078e-01 5.762300000000000061e-02
1.353449999999999931e-01 5.673999999999999877e-02
1.278330000000000022e-01 5.590200000000000030e-02
1.190179999999999988e-01 5.477300000000000224e-02
1.102280000000000065e-01 5.348499999999999782e-02
1.036090000000000066e-01 5.240600000000000119e-02
9.534399999999999820e-02 5.091799999999999798e-02
8.915399999999999714e-02 4.969900000000000012e-02
8.143499999999999350e-02 4.804400000000000337e-02
7.423100000000000531e-02 4.635700000000000237e-02
6.853199999999999570e-02 4.491499999999999659e-02
6.189900000000000263e-02 4.310900000000000148e-02
5.666600000000000109e-02 4.157500000000000084e-02
5.061700000000000227e-02 3.967099999999999793e-02
4.475599999999999717e-02 3.766800000000000009e-02
4.041100000000000247e-02 3.607099999999999890e-02
3.516600000000000281e-02 3.398600000000000232e-02
3.032800000000000079e-02 3.188400000000000262e-02
2.669300000000000145e-02 3.015800000000000078e-02
2.247100000000000139e-02 2.796399999999999927e-02
1.935699999999999921e-02 2.616999999999999882e-02
1.576100000000000070e-02 2.387099999999999986e-02
1.257899999999999990e-02 2.154599999999999918e-02
1.022099999999999918e-02 1.958800000000000124e-02
7.697999999999999982e-03 1.716700000000000170e-02
5.866999999999999819e-03 1.511700000000000023e-02
4.000000000000000083e-03 1.260900000000000042e-02
2.413999999999999913e-03 9.920999999999999264e-03
1.495000000000000018e-03 7.905000000000000568e-03
6.030000000000000204e-04 5.185000000000000372e-03
1.279999999999999942e-04 2.566000000000000138e-03
-0.000000000000000000e+00 4.240000000000000062e-04
1.289999999999999914e-04 -1.699999999999999905e-03
6.040000000000000447e-04 -4.252999999999999836e-03
1.495000000000000018e-03 -6.852999999999999717e-03
2.410999999999999949e-03 -8.748000000000000567e-03
3.989000000000000358e-03 -1.123200000000000066e-02
5.845000000000000369e-03 -1.350799999999999917e-02
7.662000000000000408e-03 -1.533600000000000067e-02
1.016700000000000069e-02 -1.745800000000000129e-02
1.250700000000000076e-02 -1.914499999999999882e-02
1.566400000000000084e-02 -2.110799999999999829e-02
1.923199999999999910e-02 -2.300599999999999867e-02
2.232500000000000109e-02 -2.444999999999999951e-02
2.652099999999999944e-02 -2.616900000000000129e-02
3.110900000000000123e-02 -2.781000000000000139e-02
3.495299999999999796e-02 -2.902499999999999872e-02
4.018000000000000044e-02 -3.049500000000000127e-02
4.451299999999999701e-02 -3.157599999999999990e-02
5.036299999999999805e-02 -3.287600000000000244e-02
5.640400000000000275e-02 -3.404900000000000287e-02
6.163099999999999828e-02 -3.495299999999999796e-02
6.826100000000000223e-02 -3.596499999999999697e-02
7.541399999999999493e-02 -3.691500000000000337e-02
8.115899999999999503e-02 -3.758199999999999735e-02
8.887799999999999867e-02 -3.836400000000000227e-02
9.506799999999999973e-02 -3.890199999999999908e-02
1.033319999999999933e-01 -3.951500000000000151e-02
1.116309999999999941e-01 -4.001600000000000296e-02
1.187420000000000003e-01 -4.036200000000000204e-02
1.275580000000000047e-01 -4.069400000000000100e-02
1.350699999999999956e-01 -4.089899999999999786e-02
1.443820000000000103e-01 -4.106100000000000028e-02
1.542209999999999970e-01 -4.113800000000000096e-02
1.620610000000000106e-01 -4.113900000000000196e-02
1.723530000000000062e-01 -4.107700000000000240e-02
1.826180000000000025e-01 -4.096999999999999947e-02
1.912739999999999996e-01 -4.086900000000000255e-02
2.019630000000000036e-01 -4.077299999999999675e-02
2.109389999999999876e-01 -4.075899999999999662e-02
2.221200000000000119e-01 -4.088300000000000267e-02
2.335710000000000008e-01 -4.119300000000000045e-02
2.428530000000000133e-01 -4.157600000000000184e-02
2.546470000000000122e-01 -4.222299999999999665e-02
2.642039999999999944e-01 -4.286500000000000032e-02
2.763120000000000021e-01 -4.380099999999999966e-02
2.886139999999999817e-01 -4.484500000000000292e-02
2.985169999999999768e-01 -4.571499999999999869e-02
3.111010000000000164e-01 -4.678500000000000020e-02
3.237180000000000057e-01 -4.773999999999999772e-02
3.340420000000000056e-01 -4.836100000000000121e-02
3.468829999999999969e-01 -4.887299999999999978e-02
3.573810000000000042e-01 -4.907500000000000057e-02
3.704120000000000190e-01 -4.907199999999999757e-02
3.837189999999999768e-01 -4.879300000000000304e-02
3.942410000000000081e-01 -4.838800000000000046e-02
4.077020000000000088e-01 -4.765599999999999697e-02
4.209959999999999813e-01 -4.671800000000000258e-02
4.318980000000000041e-01 -4.581199999999999856e-02
4.452599999999999891e-01 -4.455400000000000332e-02
4.562470000000000137e-01 -4.342200000000000226e-02
4.696339999999999959e-01 -4.193899999999999711e-02
4.834019999999999984e-01 -4.032499999999999973e-02
4.940599999999999992e-01 -3.902599999999999819e-02
5.078799999999999981e-01 -3.730699999999999988e-02
5.212059999999999471e-01 -3.562900000000000095e-02
5.323320000000000274e-01 -3.423699999999999660e-02
5.455640000000000489e-01 -3.260300000000000004e-02
5.567020000000000302e-01 -3.126600000000000212e-02
5.698039999999999772e-01 -2.974200000000000108e-02
5.834570000000000034e-01 -2.819199999999999831e-02
5.938750000000000417e-01 -2.701299999999999882e-02
6.074509999999999632e-01 -2.546199999999999852e-02
6.203840000000000465e-01 -2.394100000000000047e-02
6.311890000000000001e-01 -2.262099999999999875e-02
6.441249999999999476e-01 -2.095899999999999846e-02
6.569869999999999877e-01 -1.919900000000000079e-02
6.677840000000000442e-01 -1.762299999999999978e-02
6.799929999999999586e-01 -1.572899999999999993e-02
6.906390000000000029e-01 -1.400999999999999988e-02
7.025780000000000358e-01 -1.204500000000000015e-02
7.154690000000000216e-01 -9.924000000000000529e-03
7.268700000000000161e-01 -8.085000000000000173e-03
7.373060000000000169e-01 -6.459000000000000331e-03
7.483880000000000532e-01 -4.811000000000000172e-03
7.585819999999999785e-01 -3.383000000000000156e-03
7.693280000000000118e-01 -1.979999999999999989e-03
7.814780000000000060e-01 -5.270000000000000162e-04
7.918669999999999876e-01 5.999999999999999474e-04
8.014010000000000300e-01 1.538000000000000088e-03
8.114160000000000261e-01 2.429000000000000169e-03
8.206050000000000288e-01 3.161999999999999880e-03
8.302289999999999948e-01 3.847999999999999858e-03
8.390440000000000120e-01 4.403999999999999929e-03
8.482610000000000428e-01 4.913999999999999965e-03
8.585679999999999978e-01 5.399000000000000153e-03
8.673469999999999791e-01 5.740999999999999576e-03
8.752459999999999685e-01 5.991999999999999930e-03
8.835800000000000320e-01 6.198000000000000384e-03
8.910219999999999807e-01 6.327000000000000159e-03
8.988960000000000283e-01 6.405000000000000103e-03
9.072750000000000536e-01 6.402999999999999838e-03
9.148220000000000240e-01 6.329000000000000424e-03
9.210409999999999986e-01 6.219999999999999835e-03
9.280709999999999793e-01 6.041000000000000363e-03
9.337910000000000377e-01 5.850000000000000165e-03
9.405120000000000147e-01 5.568000000000000033e-03
9.466250000000000497e-01 5.256000000000000255e-03
9.517160000000000064e-01 4.952999999999999937e-03
9.571450000000000236e-01 4.584000000000000401e-03
9.627130000000000409e-01 4.154999999999999839e-03
9.674779999999999491e-01 3.743999999999999932e-03
9.714669999999999694e-01 3.370999999999999865e-03
9.756439999999999557e-01 2.948000000000000100e-03
9.798200000000000243e-01 2.495999999999999955e-03
9.833790000000000031e-01 2.085000000000000048e-03
9.867489999999999872e-01 1.675000000000000057e-03
9.896770000000000289e-01 1.302999999999999905e-03
9.922130000000000116e-01 9.690000000000000262e-04
9.948939999999999451e-01 6.030000000000000204e-04
9.968939999999999468e-01 3.220000000000000206e-04
9.985889999999999489e-01 7.799999999999999859e-05
1.000000000000000000e+00 -1.279999999999999942e-04
1.000000000000000000e+00 4.600000000000000004e-05
