1.000000000000000000e+00 -1.200000000000000030e-05
1.000000000000000000e+00 2.680000000000000090e-04
9.986150000000000304e-01 5.370000000000000424e-04
9.969519999999999493e-01 8.610000000000000032e-04
9.946540000000000381e-01 1.307999999999999918e-03
9.923549999999999871e-01 1.755000000000000050e-03
9.898639999999999661e-01 2.240999999999999936e-03
9.869879999999999765e-01 2.801999999999999803e-03
9.836770000000000236e-01 3.448000000000000110e-03
9.801809999999999690e-01 4.129999999999999991e-03
9.760760000000000547e-01 4.930000000000000354e-03
9.719710000000000294e-01 5.727000000000000320e-03
9.671419999999999462e-01 6.660000000000000121e-03
9.623819999999999597e-01 7.576000000000000269e-03
9.578870000000000440e-01 8.434999999999999790e-03
9.522699999999999498e-01 9.502999999999999295e-03
9.464190000000000103e-01 1.060600000000000084e-02
9.399690000000000545e-01 1.181199999999999958e-02
9.348929999999999740e-01 1.275300000000000045e-02
9.278170000000000028e-01 1.405299999999999952e-02
9.210129999999999706e-01 1.528900000000000051e-02
9.146349999999999758e-01 1.643500000000000169e-02
9.073329999999999451e-01 1.772999999999999923e-02
8.987960000000000393e-01 1.923599999999999963e-02
8.909920000000000062e-01 2.060899999999999885e-02
8.835450000000000248e-01 2.190299999999999886e-02
8.752760000000000540e-01 2.332199999999999898e-02
8.673659999999999703e-01 2.465900000000000036e-02
8.586460000000000203e-01 2.611000000000000126e-02
8.483349999999999502e-01 2.779500000000000026e-02
8.391659999999999675e-01 2.926499999999999935e-02
8.303239999999999510e-01 3.065700000000000022e-02
8.207370000000000498e-01 3.213699999999999890e-02
8.115090000000000359e-01 3.353099999999999831e-02
8.015200000000000102e-01 3.500600000000000239e-02
7.899629999999999708e-01 3.666900000000000021e-02
7.793280000000000207e-01 3.815799999999999748e-02
7.696020000000000083e-01 3.948200000000000320e-02
7.585960000000000480e-01 4.093399999999999817e-02
7.485779999999999657e-01 4.220700000000000146e-02
7.372220000000000439e-01 4.358800000000000174e-02
7.269440000000000346e-01 4.477500000000000230e-02
7.147639999999999549e-01 4.609499999999999709e-02
7.024939999999999518e-01 4.731899999999999995e-02
6.920490000000000252e-01 4.826899999999999941e-02
6.797309999999999741e-01 4.927299999999999736e-02
6.691099999999999826e-01 5.002800000000000302e-02
6.565250000000000252e-01 5.078799999999999981e-02
6.431099999999999595e-01 5.145600000000000174e-02
6.329329999999999679e-01 5.188899999999999763e-02
6.193670000000000009e-01 5.238999999999999907e-02
6.065199999999999481e-01 5.281700000000000284e-02
5.953340000000000298e-01 5.317299999999999804e-02
5.822899999999999743e-01 5.359799999999999981e-02
5.710690000000000488e-01 5.399299999999999933e-02
5.578619999999999690e-01 5.452300000000000202e-02
5.466360000000000108e-01 5.505000000000000171e-02
5.333020000000000538e-01 5.575700000000000101e-02
5.193489999999999496e-01 5.656400000000000317e-02
5.086730000000000418e-01 5.720700000000000091e-02
4.947630000000000083e-01 5.805400000000000144e-02
4.813160000000000216e-01 5.885200000000000153e-02
4.702009999999999801e-01 5.947899999999999715e-02
4.567519999999999913e-01 6.017200000000000326e-02
4.457220000000000071e-01 6.067000000000000171e-02
4.323159999999999781e-01 6.116800000000000015e-02
4.186920000000000086e-01 6.153900000000000342e-02
4.080619999999999803e-01 6.172500000000000209e-02
3.945810000000000151e-01 6.181999999999999995e-02
3.840459999999999985e-01 6.177499999999999658e-02
3.707289999999999752e-01 6.155700000000000061e-02
3.576920000000000099e-01 6.115500000000000103e-02
3.471910000000000274e-01 6.068500000000000283e-02
3.343470000000000053e-01 5.992299999999999710e-02
3.215120000000000200e-01 5.894599999999999840e-02
3.114029999999999854e-01 5.804800000000000237e-02
2.988179999999999725e-01 5.680700000000000333e-02
2.889129999999999754e-01 5.576099999999999807e-02
2.766089999999999938e-01 5.440899999999999903e-02
2.644980000000000109e-01 5.305200000000000193e-02
2.549379999999999979e-01 5.197800000000000337e-02
2.431419999999999970e-01 5.066799999999999776e-02
2.315859999999999863e-01 4.941299999999999859e-02
2.223100000000000076e-01 4.843399999999999789e-02
2.112219999999999931e-01 4.730100000000000277e-02
2.022440000000000071e-01 4.641200000000000186e-02
1.915530000000000010e-01 4.537399999999999767e-02
1.808299999999999907e-01 4.433499999999999941e-02
1.726300000000000057e-01 4.353100000000000025e-02
1.623370000000000091e-01 4.249599999999999905e-02
1.544959999999999944e-01 4.168100000000000277e-02
1.446570000000000078e-01 4.061399999999999733e-02
1.353449999999999931e-01 3.955199999999999688e-02
1.278330000000000022e-01 3.865299999999999986e-02
1.190179999999999988e-01 3.754299999999999998e-02
1.102280000000000065e-01 3.636999999999999955e-02
1.036090000000000066e-01 3.543999999999999928e-02
9.534399999999999820e-02 3.421300000000000036e-02
8.915399999999999714e-02 3.324499999999999678e-02
8.143499999999999350e-02 3.196700000000000236e-02
7.423100000000000531e-02 3.070000000000000159e-02
6.853199999999999570e-02 2.963899999999999868e-02
6.189900000000000263e-02 2.833300000000000055e-02
5.666600000000000109e-02 2.723799999999999832e-02
5.061700000000000227e-02 2.589699999999999988e-02
4.475599999999999717e-02 2.450199999999999947e-02
4.041100000000000247e-02 2.340199999999999919e-02
3.516600000000000281e-02 2.197500000000000148e-02
3.032800000000000079e-02 2.054999999999999882e-02
2.669300000000000145e-02 1.938799999999999898e-02
2.247100000000000139e-02 1.792099999999999943e-02
1.935699999999999921e-02 1.672900000000000081e-02
1.576100000000000070e-02 1.520999999999999956e-02
1.257899999999999990e-02 1.368199999999999972e-02
1.022099999999999918e-02 1.240300000000000083e-02
7.697999999999999982e-03 1.082800000000000082e-02
5.866999999999999819e-03 9.499000000000000499e-03
4.000000000000000083e-03 7.877999999999999586e-03
2.413999999999999913e-03 6.144000000000000156e-03
1.495000000000000018e-03 4.843000000000000083e-03
6.030000000000000204e-04 3.085000000000000069e-03
1.279999999999999942e-04 1.384999999999999946e-03
-0.000000000000000000e+00 -1.399999999999999979e-05
1.289999999999999914e-04 -1.412000000000000061e-03
6.040000000000000447e-04 -3.111000000000000050e-03
1.495000000000000018e-03 -4.867999999999999931e-03
2.410999999999999949e-03 -6.170000000000000137e-03
3.989000000000000358e-03 -7.910999999999999630e-03
5.845000000000000369e-03 -9.544000000000000400e-03
7.662000000000000408e-03 -1.088899999999999937e-02
1.016700000000000069e-02 -1.249300000000000063e-02
1.250700000000000076e-02 -1.380400000000000030e-02
1.566400000000000084e-02 -1.537999999999999957e-02
1.923199999999999910e-02 -1.696100000000000038e-02
2.232500000000000109e-02 -1.820700000000000096e-02
2.652099999999999944e-02 -1.974899999999999919e-02
3.110900000000000123e-02 -2.128700000000000037e-02
3.495299999999999796e-02 -2.247800000000000145e-02
4.018000000000000044e-02 -2.398499999999999938e-02
4.451299999999999701e-02 -2.514999999999999875e-02
5.036299999999999805e-02 -2.662700000000000136e-02
5.640400000000000275e-02 -2.804999999999999855e-02
6.163099999999999828e-02 -2.921500000000000138e-02
6.826100000000000223e-02 -3.061399999999999885e-02
7.541399999999999493e-02 -3.204200000000000104e-02
8.115899999999999503e-02 -3.313499999999999779e-02
8.887799999999999867e-02 -3.454000000000000126e-02
9.506799999999999973e-02 -3.561899999999999789e-02
1.033319999999999933e-01 -3.700500000000000317e-02
1.116309999999999941e-01 -3.833700000000000302e-02
1.187420000000000003e-01 -3.943800000000000083e-02
1.275580000000000047e-01 -4.075100000000000250e-02
1.350699999999999956e-01 -4.182999999999999913e-02
1.443820000000000103e-01 -4.311799999999999661e-02
1.542209999999999970e-01 -4.442100000000000215e-02
1.620610000000000106e-01 -4.541599999999999804e-02
1.723530000000000062e-01 -4.666300000000000309e-02
1.826180000000000025e-01 -4.782999999999999752e-02
1.912739999999999996e-01 -4.874900000000000067e-02
2.019630000000000036e-01 -4.978599999999999692e-02
2.109389999999999876e-01 -5.056000000000000077e-02
2.221200000000000119e-01 -5.138399999999999912e-02
2.335710000000000008e-01 -5.206999999999999823e-02
2.428530000000000133e-01 -5.251800000000000218e-02
2.546470000000000122e-01 -5.296499999999999819e-02
2.642039999999999944e-01 -5.324000000000000260e-02
2.763120000000000021e-01 -5.350300000000000195e-02
2.886139999999999817e-01 -5.370099999999999874e-02
2.985169999999999768e-01 -5.383600000000000191e-02
3.111010000000000164e-01 -5.401000000000000245e-02
3.237180000000000057e-01 -5.423200000000000243e-02
3.340420000000000056e-01 -5.447699999999999765e-02
3.468829999999999969e-01 -5.487999999999999823e-02
3.573810000000000042e-01 -5.525299999999999656e-02
3.704120000000000190e-01 -5.571799999999999670e-02
3.837189999999999768e-01 -5.612899999999999834e-02
3.942410000000000081e-01 -5.636499999999999844e-02
4.077020000000000088e-01 -5.649799999999999961e-02
4.209959999999999813e-01 -5.638200000000000156e-02
4.318980000000000041e-01 -5.606099999999999972e-02
4.452599999999999891e-01 -5.533500000000000224e-02
4.562470000000000137e-01 -5.444399999999999934e-02
4.696339999999999959e-01 -5.302699999999999775e-02
4.834019999999999984e-01 -5.125699999999999701e-02
4.940599999999999992e-01 -4.970399999999999818e-02
5.078799999999999981e-01 -4.751899999999999874e-02
5.212059999999999471e-01 -4.527599999999999680e-02
5.323320000000000274e-01 -4.335200000000000164e-02
5.455640000000000489e-01 -4.104700000000000015e-02
5.567020000000000302e-01 -3.913500000000000312e-02
5.698039999999999772e-01 -3.694999999999999674e-02
5.834570000000000034e-01 -3.475700000000000317e-02
5.938750000000000417e-01 -3.313699999999999979e-02
6.074509999999999632e-01 -3.109599999999999864e-02
6.203840000000000465e-01 -2.921999999999999945e-02
6.311890000000000001e-01 -2.770399999999999946e-02
6.441249999999999476e-01 -2.594600000000000031e-02
6.569869999999999877e-01 -2.425899999999999931e-02
6.677840000000000442e-01 -2.288899999999999962e-02
6.799929999999999586e-01 -2.138899999999999829e-02
6.906390000000000029e-01 -2.012100000000000000e-02
7.025780000000000358e-01 -1.874100000000000071e-02
7.154690000000000216e-01 -1.729800000000000088e-02
7.268700000000000161e-01 -1.605600000000000083e-02
7.373060000000000169e-01 -1.494799999999999948e-02
7.483880000000000532e-01 -1.379999999999999977e-02
7.585819999999999785e-01 -1.276900000000000084e-02
7.693280000000000118e-01 -1.170700000000000039e-02
7.814780000000000060e-01 -1.053699999999999949e-02
7.918669999999999876e-01 -9.561999999999999320e-03
8.014010000000000300e-01 -8.687000000000000277e-03
8.114160000000000261e-01 -7.782999999999999988e-03
8.206050000000000288e-01 -6.968000000000000235e-03
8.302289999999999948e-01 -6.126999999999999634e-03
8.390440000000000120e-01 -5.373000000000000172e-03
8.482610000000000428e-01 -4.601000000000000055e-03
8.585679999999999978e-01 -3.763999999999999985e-03
8.673469999999999791e-01 -3.079000000000000140e-03
8.752459999999999685e-01 -2.485999999999999929e-03
8.835800000000000320e-01 -1.891000000000000103e-03
8.910219999999999807e-01 -1.391000000000000092e-03
8.988960000000000283e-01 -8.980000000000000352e-04
9.072750000000000536e-01 -4.350000000000000026e-04
9.148220000000000240e-01 -7.299999999999999903e-05
9.210409999999999986e-01 1.939999999999999993e-04
9.280709999999999793e-01 4.539999999999999765e-04
9.337910000000000377e-01 6.310000000000000504e-04
9.405120000000000147e-01 7.969999999999999654e-04
9.466250000000000497e-01 9.049999999999999885e-04
9.517160000000000064e-01 9.610000000000000486e-04
9.571450000000000236e-01 9.840000000000000656e-04
9.627130000000000409e-01 9.669999999999999776e-04
9.674779999999999491e-01 9.169999999999999549e-04
9.714669999999999694e-01 8.520000000000000013e-04
9.756439999999999557e-01 7.569999999999999689e-04
9.798200000000000243e-01 6.380000000000000037e-04
9.833790000000000031e-01 5.159999999999999656e-04
9.867489999999999872e-01 3.849999999999999798e-04
9.896770000000000289e-01 2.570000000000000127e-04
9.922130000000000116e-01 1.369999999999999961e-04
9.948939999999999451e-01 -9.999999999999999547e-07
9.968939999999999468e-01 -1.100000000000000039e-04
9.985889999999999489e-01 -2.069999999999999900e-04
1.000000000000000000e+00 -2.910000000000000260e-04
1.000000000000000000e+00 -1.200000000000000030e-05
