1.000000000000000000e+00 5.000000000000000409e-06
1.000000000000000000e+00 1.749999999999999982e-04
9.986150000000000304e-01 4.530000000000000064e-04
9.969519999999999493e-01 7.950000000000000252e-04
9.946540000000000381e-01 1.280000000000000105e-03
9.923549999999999871e-01 1.778000000000000067e-03
9.898639999999999661e-01 2.328999999999999907e-03
9.869879999999999765e-01 2.978000000000000178e-03
9.836770000000000236e-01 3.738000000000000003e-03
9.801809999999999690e-01 4.551999999999999623e-03
9.760760000000000547e-01 5.518999999999999601e-03
9.719710000000000294e-01 6.493999999999999773e-03
9.671419999999999462e-01 7.646000000000000019e-03
9.623819999999999597e-01 8.781999999999999876e-03
9.578870000000000440e-01 9.853999999999999912e-03
9.522699999999999498e-01 1.118800000000000003e-02
9.464190000000000103e-01 1.256799999999999931e-02
9.399690000000000545e-01 1.407500000000000070e-02
9.348929999999999740e-01 1.524900000000000040e-02
9.278170000000000028e-01 1.686299999999999952e-02
9.210129999999999706e-01 1.838899999999999910e-02
9.146349999999999758e-01 1.979500000000000010e-02
9.073329999999999451e-01 2.137000000000000011e-02
8.987960000000000393e-01 2.317900000000000169e-02
8.909920000000000062e-01 2.480299999999999866e-02
8.835450000000000248e-01 2.631400000000000058e-02
8.752760000000000540e-01 2.794299999999999909e-02
8.673659999999999703e-01 2.945199999999999901e-02
8.586460000000000203e-01 3.105600000000000027e-02
8.483349999999999502e-01 3.287400000000000044e-02
8.391659999999999675e-01 3.441799999999999721e-02
8.303239999999999510e-01 3.584099999999999786e-02
8.207370000000000498e-01 3.731700000000000295e-02
8.115090000000000359e-01 3.867299999999999904e-02
8.015200000000000102e-01 4.008099999999999857e-02
7.899629999999999708e-01 4.165100000000000052e-02
7.793280000000000207e-01 4.306499999999999911e-02
7.696020000000000083e-01 4.434199999999999947e-02
7.585960000000000480e-01 4.577400000000000219e-02
7.485779999999999657e-01 4.706699999999999773e-02
7.372220000000000439e-01 4.852700000000000069e-02
7.269440000000000346e-01 4.984600000000000142e-02
7.147639999999999549e-01 5.141199999999999937e-02
7.024939999999999518e-01 5.299700000000000244e-02
6.920490000000000252e-01 5.435700000000000254e-02
6.797309999999999741e-01 5.597699999999999898e-02
6.691099999999999826e-01 5.738999999999999657e-02
6.565250000000000252e-01 5.907899999999999957e-02
6.431099999999999595e-01 6.085600000000000037e-02
6.329329999999999679e-01 6.215500000000000191e-02
6.193670000000000009e-01 6.376900000000000623e-02
6.065199999999999481e-01 6.512400000000000133e-02
5.953340000000000298e-01 6.612500000000000322e-02
5.822899999999999743e-01 6.703399999999999637e-02
5.710690000000000488e-01 6.755300000000000193e-02
5.578619999999999690e-01 6.780600000000000516e-02
5.466360000000000108e-01 6.768699999999999717e-02
5.333020000000000538e-01 6.719200000000000172e-02
5.193489999999999496e-01 6.637200000000000044e-02
5.086730000000000418e-01 6.560599999999999765e-02
4.947630000000000083e-01 6.452600000000000002e-02
4.813160000000000216e-01 6.349200000000000677e-02
4.702009999999999801e-01 6.272199999999999998e-02
4.567519999999999913e-01 6.198300000000000337e-02
4.457220000000000071e-01 6.160500000000000004e-02
4.323159999999999781e-01 6.148699999999999999e-02
4.186920000000000086e-01 6.170599999999999696e-02
4.080619999999999803e-01 6.205700000000000105e-02
3.945810000000000151e-01 6.265900000000000636e-02
3.840459999999999985e-01 6.319900000000000517e-02
3.707289999999999752e-01 6.390099999999999947e-02
3.576920000000000099e-01 6.453200000000000602e-02
3.471910000000000274e-01 6.494600000000000373e-02
3.343470000000000053e-01 6.527600000000000069e-02
3.215120000000000200e-01 6.535399999999999543e-02
3.114029999999999854e-01 6.525999999999999857e-02
2.988179999999999725e-01 6.500100000000000322e-02
2.889129999999999754e-01 6.472300000000000275e-02
2.766089999999999938e-01 6.433099999999999929e-02
2.644980000000000109e-01 6.393500000000000572e-02
2.549379999999999979e-01 6.363900000000000112e-02
2.431419999999999970e-01 6.331699999999999828e-02
2.315859999999999863e-01 6.306599999999999706e-02
2.223100000000000076e-01 6.291900000000000270e-02
2.112219999999999931e-01 6.281599999999999684e-02
2.022440000000000071e-01 6.277399999999999647e-02
1.915530000000000010e-01 6.269099999999999673e-02
1.808299999999999907e-01 6.248599999999999988e-02
1.726300000000000057e-01 6.220500000000000335e-02
1.623370000000000091e-01 6.165799999999999753e-02
1.544959999999999944e-01 6.108000000000000235e-02
1.446570000000000078e-01 6.014200000000000101e-02
1.353449999999999931e-01 5.902400000000000008e-02
1.278330000000000022e-01 5.795600000000000057e-02
1.190179999999999988e-01 5.650899999999999673e-02
1.102280000000000065e-01 5.485399999999999998e-02
1.036090000000000066e-01 5.346700000000000064e-02
9.534399999999999820e-02 5.156000000000000166e-02
8.915399999999999714e-02 5.000399999999999984e-02
8.143499999999999350e-02 4.790200000000000014e-02
7.423100000000000531e-02 4.577699999999999825e-02
6.853199999999999570e-02 4.397600000000000120e-02
6.189900000000000263e-02 4.174200000000000133e-02
5.666600000000000109e-02 3.986699999999999966e-02
5.061700000000000227e-02 3.756899999999999823e-02
4.475599999999999717e-02 3.518999999999999906e-02
4.041100000000000247e-02 3.332500000000000046e-02
3.516600000000000281e-02 3.093200000000000116e-02
3.032800000000000079e-02 2.857499999999999971e-02
2.669300000000000145e-02 2.668299999999999839e-02
2.247100000000000139e-02 2.433599999999999999e-02
1.935699999999999921e-02 2.247000000000000039e-02
1.576100000000000070e-02 2.014300000000000118e-02
1.257899999999999990e-02 1.786899999999999947e-02
1.022099999999999918e-02 1.601400000000000046e-02
7.697999999999999982e-03 1.379299999999999971e-02
5.866999999999999819e-03 1.197200000000000000e-02
4.000000000000000083e-03 9.815000000000000807e-03
2.413999999999999913e-03 7.583000000000000330e-03
1.495000000000000018e-03 5.957999999999999755e-03
6.030000000000000204e-04 3.827000000000000107e-03
1.279999999999999942e-04 1.835999999999999958e-03
-0.000000000000000000e+00 2.439999999999999949e-04
1.289999999999999914e-04 -1.301999999999999989e-03
6.040000000000000447e-04 -3.127000000000000005e-03
1.495000000000000018e-03 -4.950000000000000407e-03
2.410999999999999949e-03 -6.261000000000000072e-03
3.989000000000000358e-03 -7.959000000000000796e-03
5.845000000000000369e-03 -9.497999999999999499e-03
7.662000000000000408e-03 -1.072399999999999916e-02
1.016700000000000069e-02 -1.214100000000000075e-02
1.250700000000000076e-02 -1.325999999999999922e-02
1.566400000000000084e-02 -1.456099999999999929e-02
1.923199999999999910e-02 -1.581600000000000020e-02
2.232500000000000109e-02 -1.677199999999999872e-02
2.652099999999999944e-02 -1.791200000000000084e-02
3.110900000000000123e-02 -1.900599999999999859e-02
3.495299999999999796e-02 -1.982199999999999934e-02
4.018000000000000044e-02 -2.082300000000000123e-02
4.451299999999999701e-02 -2.157099999999999990e-02
5.036299999999999805e-02 -2.249200000000000157e-02
5.640400000000000275e-02 -2.335299999999999876e-02
6.163099999999999828e-02 -2.404399999999999940e-02
6.826100000000000223e-02 -2.486100000000000115e-02
7.541399999999999493e-02 -2.568900000000000003e-02
8.115899999999999503e-02 -2.632200000000000165e-02
8.887799999999999867e-02 -2.714599999999999999e-02
9.506799999999999973e-02 -2.778999999999999873e-02
1.033319999999999933e-01 -2.864299999999999832e-02
1.116309999999999941e-01 -2.949600000000000138e-02
1.187420000000000003e-01 -3.023400000000000046e-02
1.275580000000000047e-01 -3.116199999999999873e-02
1.350699999999999956e-01 -3.196899999999999742e-02
1.443820000000000103e-01 -3.299300000000000149e-02
1.542209999999999970e-01 -3.410400000000000237e-02
1.620610000000000106e-01 -3.500700000000000339e-02
1.723530000000000062e-01 -3.620799999999999713e-02
1.826180000000000025e-01 -3.739800000000000069e-02
1.912739999999999996e-01 -3.837100000000000233e-02
2.019630000000000036e-01 -3.948999999999999733e-02
2.109389999999999876e-01 -4.031300000000000161e-02
2.221200000000000119e-01 -4.112699999999999689e-02
2.335710000000000008e-01 -4.171199999999999908e-02
2.428530000000000133e-01 -4.201099999999999973e-02
2.546470000000000122e-01 -4.218399999999999928e-02
2.642039999999999944e-01 -4.217300000000000215e-02
2.763120000000000021e-01 -4.199599999999999861e-02
2.886139999999999817e-01 -4.166799999999999671e-02
2.985169999999999768e-01 -4.133499999999999674e-02
3.111010000000000164e-01 -4.086800000000000155e-02
3.237180000000000057e-01 -4.041899999999999660e-02
3.340420000000000056e-01 -4.011100000000000082e-02
3.468829999999999969e-01 -3.983799999999999841e-02
3.573810000000000042e-01 -3.967299999999999993e-02
3.704120000000000190e-01 -3.948700000000000127e-02
3.837189999999999768e-01 -3.925800000000000123e-02
3.942410000000000081e-01 -3.900599999999999901e-02
4.077020000000000088e-01 -3.854099999999999887e-02
4.209959999999999813e-01 -3.786400000000000182e-02
4.318980000000000041e-01 -3.710700000000000109e-02
4.452599999999999891e-01 -3.587699999999999917e-02
4.562470000000000137e-01 -3.459899999999999781e-02
4.696339999999999959e-01 -3.276600000000000346e-02
4.834019999999999984e-01 -3.065999999999999975e-02
4.940599999999999992e-01 -2.893400000000000138e-02
5.078799999999999981e-01 -2.665700000000000014e-02
5.212059999999999471e-01 -2.450000000000000094e-02
5.323320000000000274e-01 -2.279899999999999982e-02
5.455640000000000489e-01 -2.096299999999999900e-02
5.567020000000000302e-01 -1.963900000000000021e-02
5.698039999999999772e-01 -1.837899999999999950e-02
5.834570000000000034e-01 -1.735899999999999943e-02
5.938750000000000417e-01 -1.673399999999999888e-02
6.074509999999999632e-01 -1.606199999999999989e-02
6.203840000000000465e-01 -1.550600000000000069e-02
6.311890000000000001e-01 -1.505899999999999947e-02
6.441249999999999476e-01 -1.448699999999999988e-02
6.569869999999999877e-01 -1.382099999999999995e-02
6.677840000000000442e-01 -1.314000000000000064e-02
6.799929999999999586e-01 -1.220800000000000010e-02
6.906390000000000029e-01 -1.127700000000000057e-02
7.025780000000000358e-01 -1.013999999999999971e-02
7.154690000000000216e-01 -8.848999999999999228e-03
7.268700000000000161e-01 -7.688999999999999654e-03
7.373060000000000169e-01 -6.642000000000000334e-03
7.483880000000000532e-01 -5.566999999999999900e-03
7.585819999999999785e-01 -4.630999999999999700e-03
7.693280000000000118e-01 -3.714999999999999986e-03
7.814780000000000060e-01 -2.778999999999999786e-03
7.918669999999999876e-01 -2.073000000000000190e-03
8.014010000000000300e-01 -1.495999999999999934e-03
8.114160000000000261e-01 -9.409999999999999962e-04
8.206050000000000288e-01 -4.670000000000000214e-04
8.302289999999999948e-01 6.999999999999999895e-06
8.390440000000000120e-01 4.240000000000000062e-04
8.482610000000000428e-01 8.480000000000000124e-04
8.585679999999999978e-01 1.304999999999999953e-03
8.673469999999999791e-01 1.678999999999999937e-03
8.752459999999999685e-01 2.000000000000000042e-03
8.835800000000000320e-01 2.317000000000000049e-03
8.910219999999999807e-01 2.576999999999999864e-03
8.988960000000000283e-01 2.821000000000000157e-03
9.072750000000000536e-01 3.023000000000000079e-03
9.148220000000000240e-01 3.154000000000000119e-03
9.210409999999999986e-01 3.229000000000000099e-03
9.280709999999999793e-01 3.272000000000000169e-03
9.337910000000000377e-01 3.271000000000000036e-03
9.405120000000000147e-01 3.222000000000000038e-03
9.466250000000000497e-01 3.129999999999999970e-03
9.517160000000000064e-01 3.014000000000000186e-03
9.571450000000000236e-01 2.848999999999999970e-03
9.627130000000000409e-01 2.632999999999999924e-03
9.674779999999999491e-01 2.406000000000000152e-03
9.714669999999999694e-01 2.188999999999999974e-03
9.756439999999999557e-01 1.930000000000000075e-03
9.798200000000000243e-01 1.642999999999999929e-03
9.833790000000000031e-01 1.374000000000000004e-03
9.867489999999999872e-01 1.100000000000000066e-03
9.896770000000000289e-01 8.450000000000000479e-04
9.922130000000000116e-01 6.139999999999999625e-04
9.948939999999999451e-01 3.570000000000000040e-04
9.968939999999999468e-01 1.569999999999999944e-04
9.985889999999999489e-01 -1.699999999999999987e-05
1.000000000000000000e+00 -1.659999999999999963e-04
1.000000000000000000e+00 5.000000000000000409e-06
