1.000000000000000000e+00 -1.099999999999999971e-05
1.000000000000000000e+00 2.719999999999999979e-04
9.986150000000000304e-01 5.429999999999999714e-04
9.969519999999999493e-01 8.689999999999999808e-04
9.946540000000000381e-01 1.319000000000000077e-03
9.923549999999999871e-01 1.768999999999999956e-03
9.898639999999999661e-01 2.256000000000000193e-03
9.869879999999999765e-01 2.818000000000000192e-03
9.836770000000000236e-01 3.465000000000000198e-03
9.801809999999999690e-01 4.146999999999999645e-03
9.760760000000000547e-01 4.944999999999999743e-03
9.719710000000000294e-01 5.738000000000000045e-03
9.671419999999999462e-01 6.666000000000000050e-03
9.623819999999999597e-01 7.575000000000000136e-03
9.578870000000000440e-01 8.425000000000000197e-03
9.522699999999999498e-01 9.478999999999999579e-03
9.464190000000000103e-01 1.056499999999999974e-02
9.399690000000000545e-01 1.174900000000000076e-02
9.348929999999999740e-01 1.267000000000000071e-02
9.278170000000000028e-01 1.393699999999999974e-02
9.210129999999999706e-01 1.513800000000000041e-02
9.146349999999999758e-01 1.624799999999999855e-02
9.073329999999999451e-01 1.749600000000000113e-02
8.987960000000000393e-01 1.894099999999999950e-02
8.909920000000000062e-01 2.025300000000000017e-02
8.835450000000000248e-01 2.148500000000000063e-02
8.752760000000000540e-01 2.282800000000000107e-02
8.673659999999999703e-01 2.408899999999999930e-02
8.586460000000000203e-01 2.545100000000000140e-02
8.483349999999999502e-01 2.702600000000000141e-02
8.391659999999999675e-01 2.839699999999999863e-02
8.303239999999999510e-01 2.969199999999999964e-02
8.207370000000000498e-01 3.107199999999999893e-02
8.115090000000000359e-01 3.237600000000000200e-02
8.015200000000000102e-01 3.377000000000000141e-02
7.899629999999999708e-01 3.536799999999999666e-02
7.793280000000000207e-01 3.683499999999999969e-02
7.696020000000000083e-01 3.817600000000000160e-02
7.585960000000000480e-01 3.969000000000000306e-02
7.485779999999999657e-01 4.106200000000000128e-02
7.372220000000000439e-01 4.260699999999999904e-02
7.269440000000000346e-01 4.398699999999999832e-02
7.147639999999999549e-01 4.559300000000000158e-02
7.024939999999999518e-01 4.716599999999999959e-02
6.920490000000000252e-01 4.845800000000000107e-02
6.797309999999999741e-01 4.991199999999999803e-02
6.691099999999999826e-01 5.109299999999999953e-02
6.565250000000000252e-01 5.239200000000000107e-02
6.431099999999999595e-01 5.365999999999999936e-02
6.329329999999999679e-01 5.454900000000000027e-02
6.193670000000000009e-01 5.564500000000000002e-02
6.065199999999999481e-01 5.659999999999999754e-02
5.953340000000000298e-01 5.737199999999999939e-02
5.822899999999999743e-01 5.821300000000000086e-02
5.710690000000000488e-01 5.889199999999999990e-02
5.578619999999999690e-01 5.964900000000000063e-02
5.466360000000000108e-01 6.026499999999999913e-02
5.333020000000000538e-01 6.095699999999999730e-02
5.193489999999999496e-01 6.162000000000000116e-02
5.086730000000000418e-01 6.207300000000000317e-02
4.947630000000000083e-01 6.258099999999999774e-02
4.813160000000000216e-01 6.296599999999999420e-02
4.702009999999999801e-01 6.319800000000000417e-02
4.567519999999999913e-01 6.335799999999999765e-02
4.457220000000000071e-01 6.338299999999999490e-02
4.323159999999999781e-01 6.327499999999999791e-02
4.186920000000000086e-01 6.302699999999999969e-02
4.080619999999999803e-01 6.275000000000000022e-02
3.945810000000000151e-01 6.231199999999999933e-02
3.840459999999999985e-01 6.191499999999999782e-02
3.707289999999999752e-01 6.135700000000000182e-02
3.576920000000000099e-01 6.076999999999999763e-02
3.471910000000000274e-01 6.027899999999999925e-02
3.343470000000000053e-01 5.967000000000000082e-02
3.215120000000000200e-01 5.906399999999999845e-02
3.114029999999999854e-01 5.858800000000000119e-02
2.988179999999999725e-01 5.798999999999999988e-02
2.889129999999999754e-01 5.750999999999999862e-02
2.766089999999999938e-01 5.689600000000000213e-02
2.644980000000000109e-01 5.626199999999999951e-02
2.549379999999999979e-01 5.573399999999999882e-02
2.431419999999999970e-01 5.504499999999999671e-02
2.315859999999999863e-01 5.432200000000000223e-02
2.223100000000000076e-01 5.370199999999999974e-02
2.112219999999999931e-01 5.291099999999999970e-02
2.022440000000000071e-01 5.222700000000000259e-02
1.915530000000000010e-01 5.135100000000000081e-02
1.808299999999999907e-01 5.039500000000000229e-02
1.726300000000000057e-01 4.960599999999999732e-02
1.623370000000000091e-01 4.853600000000000275e-02
1.544959999999999944e-01 4.765899999999999997e-02
1.446570000000000078e-01 4.647799999999999848e-02
1.353449999999999931e-01 4.527400000000000174e-02
1.278330000000000022e-01 4.423699999999999855e-02
1.190179999999999988e-01 4.294499999999999706e-02
1.102280000000000065e-01 4.156900000000000178e-02
1.036090000000000066e-01 4.047300000000000203e-02
9.534399999999999820e-02 3.902499999999999719e-02
8.915399999999999714e-02 3.788099999999999801e-02
8.143499999999999350e-02 3.637399999999999661e-02
7.423100000000000531e-02 3.488399999999999834e-02
6.853199999999999570e-02 3.363800000000000123e-02
6.189900000000000263e-02 3.210999999999999965e-02
5.666600000000000109e-02 3.083400000000000030e-02
5.061700000000000227e-02 2.927499999999999894e-02
4.475599999999999717e-02 2.766199999999999909e-02
4.041100000000000247e-02 2.639400000000000079e-02
3.516600000000000281e-02 2.475600000000000023e-02
3.032800000000000079e-02 2.312600000000000072e-02
2.669300000000000145e-02 2.180100000000000093e-02
2.247100000000000139e-02 2.013300000000000159e-02
1.935699999999999921e-02 1.878200000000000008e-02
1.576100000000000070e-02 1.706500000000000031e-02
1.257899999999999990e-02 1.534199999999999973e-02
1.022099999999999918e-02 1.390300000000000043e-02
7.697999999999999982e-03 1.213400000000000069e-02
5.866999999999999819e-03 1.064400000000000068e-02
4.000000000000000083e-03 8.831000000000000308e-03
2.413999999999999913e-03 6.895000000000000087e-03
1.495000000000000018e-03 5.447999999999999718e-03
6.030000000000000204e-04 3.500000000000000073e-03
1.279999999999999942e-04 1.624999999999999925e-03
-0.000000000000000000e+00 9.200000000000000007e-05
1.289999999999999914e-04 -1.430000000000000064e-03
6.040000000000000447e-04 -3.265000000000000107e-03
1.495000000000000018e-03 -5.141999999999999869e-03
2.410999999999999949e-03 -6.518000000000000356e-03
3.989000000000000358e-03 -8.335000000000000395e-03
5.845000000000000369e-03 -1.001499999999999960e-02
7.662000000000000408e-03 -1.137900000000000023e-02
1.016700000000000069e-02 -1.298299999999999975e-02
1.250700000000000076e-02 -1.427499999999999949e-02
1.566400000000000084e-02 -1.580499999999999960e-02
1.923199999999999910e-02 -1.731500000000000053e-02
2.232500000000000109e-02 -1.848999999999999949e-02
2.652099999999999944e-02 -1.992299999999999974e-02
3.110900000000000123e-02 -2.133399999999999880e-02
3.495299999999999796e-02 -2.241299999999999890e-02
4.018000000000000044e-02 -2.376699999999999993e-02
4.451299999999999701e-02 -2.480399999999999966e-02
5.036299999999999805e-02 -2.610900000000000026e-02
5.640400000000000275e-02 -2.735999999999999890e-02
6.163099999999999828e-02 -2.838200000000000098e-02
6.826100000000000223e-02 -2.960700000000000137e-02
7.541399999999999493e-02 -3.086200000000000054e-02
8.115899999999999503e-02 -3.182499999999999912e-02
8.887799999999999867e-02 -3.307399999999999923e-02
9.506799999999999973e-02 -3.404299999999999687e-02
1.033319999999999933e-01 -3.530500000000000305e-02
1.116309999999999941e-01 -3.654099999999999709e-02
1.187420000000000003e-01 -3.758299999999999835e-02
1.275580000000000047e-01 -3.885700000000000265e-02
1.350699999999999956e-01 -3.993300000000000322e-02
1.443820000000000103e-01 -4.125800000000000300e-02
1.542209999999999970e-01 -4.265300000000000341e-02
1.620610000000000106e-01 -4.376200000000000229e-02
1.723530000000000062e-01 -4.521499999999999825e-02
1.826180000000000025e-01 -4.665199999999999902e-02
1.912739999999999996e-01 -4.784599999999999964e-02
2.019630000000000036e-01 -4.927900000000000336e-02
2.109389999999999876e-01 -5.042399999999999660e-02
2.221200000000000119e-01 -5.174499999999999933e-02
2.335710000000000008e-01 -5.296900000000000219e-02
2.428530000000000133e-01 -5.386599999999999722e-02
2.546470000000000122e-01 -5.488599999999999729e-02
2.642039999999999944e-01 -5.561599999999999877e-02
2.763120000000000021e-01 -5.642099999999999893e-02
2.886139999999999817e-01 -5.710500000000000298e-02
2.985169999999999768e-01 -5.756300000000000305e-02
3.111010000000000164e-01 -5.802700000000000219e-02
3.237180000000000057e-01 -5.837500000000000328e-02
3.340420000000000056e-01 -5.857400000000000106e-02
3.468829999999999969e-01 -5.872200000000000336e-02
3.573810000000000042e-01 -5.874700000000000061e-02
3.704120000000000190e-01 -5.864699999999999774e-02
3.837189999999999768e-01 -5.837400000000000228e-02
3.942410000000000081e-01 -5.802399999999999919e-02
4.077020000000000088e-01 -5.739199999999999857e-02
4.209959999999999813e-01 -5.655199999999999810e-02
4.318980000000000041e-01 -5.569700000000000345e-02
4.452599999999999891e-01 -5.442999999999999922e-02
4.562470000000000137e-01 -5.321399999999999741e-02
4.696339999999999959e-01 -5.154299999999999854e-02
4.834019999999999984e-01 -4.966000000000000275e-02
4.940599999999999992e-01 -4.811200000000000199e-02
5.078799999999999981e-01 -4.603700000000000153e-02
5.212059999999999471e-01 -4.399999999999999745e-02
5.323320000000000274e-01 -4.231000000000000039e-02
5.455640000000000489e-01 -4.034399999999999792e-02
5.567020000000000302e-01 -3.876000000000000278e-02
5.698039999999999772e-01 -3.699700000000000211e-02
5.834570000000000034e-01 -3.526399999999999674e-02
5.938750000000000417e-01 -3.399699999999999944e-02
6.074509999999999632e-01 -3.240200000000000025e-02
6.203840000000000465e-01 -3.091800000000000104e-02
6.311890000000000001e-01 -2.969099999999999864e-02
6.441249999999999476e-01 -2.821999999999999856e-02
6.569869999999999877e-01 -2.673599999999999935e-02
6.677840000000000442e-01 -2.545999999999999999e-02
6.799929999999999586e-01 -2.397499999999999978e-02
6.906390000000000029e-01 -2.265199999999999853e-02
7.025780000000000358e-01 -2.114900000000000113e-02
7.154690000000000216e-01 -1.951699999999999963e-02
7.268700000000000161e-01 -1.807900000000000132e-02
7.373060000000000169e-01 -1.677700000000000025e-02
7.483880000000000532e-01 -1.541799999999999941e-02
7.585819999999999785e-01 -1.419699999999999955e-02
7.693280000000000118e-01 -1.294499999999999991e-02
7.814780000000000060e-01 -1.157900000000000075e-02
7.918669999999999876e-01 -1.045600000000000002e-02
8.014010000000000300e-01 -9.462999999999999190e-03
8.114160000000000261e-01 -8.451000000000000179e-03
8.206050000000000288e-01 -7.550000000000000287e-03
8.302289999999999948e-01 -6.631999999999999874e-03
8.390440000000000120e-01 -5.814999999999999857e-03
8.482610000000000428e-01 -4.987000000000000113e-03
8.585679999999999978e-01 -4.095999999999999815e-03
8.673469999999999791e-01 -3.369000000000000033e-03
8.752459999999999685e-01 -2.743999999999999911e-03
8.835800000000000320e-01 -2.118000000000000091e-03
8.910219999999999807e-01 -1.592000000000000099e-03
8.988960000000000283e-01 -1.074000000000000085e-03
9.072750000000000536e-01 -5.860000000000000408e-04
9.148220000000000240e-01 -2.030000000000000012e-04
9.210409999999999986e-01 7.899999999999999579e-05
9.280709999999999793e-01 3.559999999999999797e-04
9.337910000000000377e-01 5.460000000000000443e-04
9.405120000000000147e-01 7.259999999999999743e-04
9.466250000000000497e-01 8.459999999999999638e-04
9.517160000000000064e-01 9.110000000000000259e-04
9.571450000000000236e-01 9.439999999999999607e-04
9.627130000000000409e-01 9.349999999999999587e-04
9.674779999999999491e-01 8.919999999999999978e-04
9.714669999999999694e-01 8.310000000000000329e-04
9.756439999999999557e-01 7.410000000000000137e-04
9.798200000000000243e-01 6.260000000000000373e-04
9.833790000000000031e-01 5.069999999999999637e-04
9.867489999999999872e-01 3.780000000000000265e-04
9.896770000000000289e-01 2.519999999999999996e-04
9.922130000000000116e-01 1.330000000000000073e-04
9.948939999999999451e-01 -3.999999999999999819e-06
9.968939999999999468e-01 -1.129999999999999955e-04
9.985889999999999489e-01 -2.100000000000000087e-04
1.000000000000000000e+00 -2.930000000000000204e-04
1.000000000000000000e+00 -1.099999999999999971e-05
