1.000000000000000000e+00 3.399999999999999973e-05
1.000000000000000000e+00 2.860000000000000129e-04
9.986150000000000304e-01 6.089999999999999494e-04
9.969519999999999493e-01 9.940000000000000918e-04
9.946540000000000381e-01 1.523000000000000048e-03
9.923549999999999871e-01 2.047999999999999907e-03
9.898639999999999661e-01 2.612999999999999871e-03
9.869879999999999765e-01 3.261000000000000010e-03
9.836770000000000236e-01 4.001000000000000216e-03
9.801809999999999690e-01 4.775999999999999863e-03
9.760760000000000547e-01 5.677999999999999887e-03
9.719710000000000294e-01 6.569000000000000186e-03
9.671419999999999462e-01 7.605999999999999914e-03
9.623819999999999597e-01 8.614999999999999394e-03
9.578870000000000440e-01 9.556000000000000258e-03
9.522699999999999498e-01 1.071500000000000057e-02
9.464190000000000103e-01 1.190300000000000039e-02
9.399690000000000545e-01 1.319099999999999960e-02
9.348929999999999740e-01 1.418600000000000069e-02
9.278170000000000028e-01 1.554799999999999932e-02
9.210129999999999706e-01 1.682900000000000021e-02
9.146349999999999758e-01 1.800300000000000164e-02
9.073329999999999451e-01 1.931499999999999884e-02
8.987960000000000393e-01 2.081500000000000017e-02
8.909920000000000062e-01 2.215999999999999914e-02
8.835450000000000248e-01 2.340800000000000172e-02
8.752760000000000540e-01 2.475199999999999970e-02
8.673659999999999703e-01 2.599599999999999828e-02
8.586460000000000203e-01 2.732100000000000153e-02
8.483349999999999502e-01 2.882399999999999893e-02
8.391659999999999675e-01 3.010699999999999835e-02
8.303239999999999510e-01 3.129900000000000043e-02
8.207370000000000498e-01 3.254599999999999854e-02
8.115090000000000359e-01 3.370900000000000285e-02
8.015200000000000102e-01 3.493799999999999684e-02
7.899629999999999708e-01 3.634199999999999930e-02
7.793280000000000207e-01 3.763999999999999985e-02
7.696020000000000083e-01 3.883600000000000246e-02
7.585960000000000480e-01 4.019600000000000256e-02
7.485779999999999657e-01 4.143499999999999961e-02
7.372220000000000439e-01 4.283200000000000202e-02
7.269440000000000346e-01 4.408000000000000113e-02
7.147639999999999549e-01 4.552799999999999903e-02
7.024939999999999518e-01 4.693399999999999656e-02
6.920490000000000252e-01 4.807600000000000068e-02
6.797309999999999741e-01 4.933799999999999991e-02
6.691099999999999826e-01 5.033699999999999980e-02
6.565250000000000252e-01 5.139900000000000024e-02
6.431099999999999595e-01 5.239900000000000113e-02
6.329329999999999679e-01 5.308500000000000024e-02
6.193670000000000009e-01 5.392099999999999671e-02
6.065199999999999481e-01 5.465600000000000319e-02
5.953340000000000298e-01 5.526799999999999768e-02
5.822899999999999743e-01 5.597099999999999992e-02
5.710690000000000488e-01 5.658400000000000235e-02
5.578619999999999690e-01 5.733800000000000008e-02
5.466360000000000108e-01 5.802399999999999919e-02
5.333020000000000538e-01 5.887900000000000078e-02
5.193489999999999496e-01 5.978800000000000087e-02
5.086730000000000418e-01 6.047000000000000292e-02
4.947630000000000083e-01 6.131400000000000045e-02
4.813160000000000216e-01 6.204699999999999799e-02
4.702009999999999801e-01 6.257200000000000262e-02
4.567519999999999913e-01 6.307699999999999418e-02
4.457220000000000071e-01 6.336600000000000565e-02
4.323159999999999781e-01 6.354100000000000026e-02
4.186920000000000086e-01 6.353599999999999526e-02
4.080619999999999803e-01 6.341800000000000215e-02
3.945810000000000151e-01 6.314400000000000568e-02
3.840459999999999985e-01 6.284599999999999909e-02
3.707289999999999752e-01 6.237899999999999695e-02
3.576920000000000099e-01 6.184300000000000214e-02
3.471910000000000274e-01 6.136799999999999894e-02
3.343470000000000053e-01 6.074800000000000338e-02
3.215120000000000200e-01 6.010100000000000164e-02
3.114029999999999854e-01 5.956800000000000289e-02
2.988179999999999725e-01 5.886799999999999672e-02
2.889129999999999754e-01 5.828200000000000047e-02
2.766089999999999938e-01 5.750299999999999856e-02
2.644980000000000109e-01 5.667200000000000015e-02
2.549379999999999979e-01 5.596399999999999986e-02
2.431419999999999970e-01 5.502200000000000146e-02
2.315859999999999863e-01 5.401899999999999757e-02
2.223100000000000076e-01 5.315199999999999786e-02
2.112219999999999931e-01 5.204000000000000292e-02
2.022440000000000071e-01 5.107899999999999940e-02
1.915530000000000010e-01 4.988299999999999679e-02
1.808299999999999907e-01 4.864299999999999874e-02
1.726300000000000057e-01 4.767600000000000310e-02
1.623370000000000091e-01 4.644299999999999817e-02
1.544959999999999944e-01 4.549099999999999672e-02
1.446570000000000078e-01 4.428100000000000092e-02
1.353449999999999931e-01 4.311600000000000155e-02
1.278330000000000022e-01 4.215900000000000203e-02
1.190179999999999988e-01 4.101400000000000184e-02
1.102280000000000065e-01 3.983899999999999941e-02
1.036090000000000066e-01 3.892899999999999833e-02
9.534399999999999820e-02 3.775300000000000183e-02
8.915399999999999714e-02 3.683899999999999675e-02
8.143499999999999350e-02 3.564699999999999813e-02
7.423100000000000531e-02 3.447700000000000070e-02
6.853199999999999570e-02 3.350000000000000200e-02
6.189900000000000263e-02 3.229800000000000032e-02
5.666600000000000109e-02 3.128800000000000331e-02
5.061700000000000227e-02 3.004199999999999926e-02
4.475599999999999717e-02 2.873300000000000159e-02
4.041100000000000247e-02 2.768699999999999981e-02
3.516600000000000281e-02 2.631000000000000005e-02
3.032800000000000079e-02 2.490500000000000005e-02
2.669300000000000145e-02 2.373400000000000162e-02
2.247100000000000139e-02 2.222100000000000117e-02
1.935699999999999921e-02 2.095999999999999946e-02
1.576100000000000070e-02 1.931000000000000077e-02
1.257899999999999990e-02 1.759799999999999906e-02
1.022099999999999918e-02 1.612399999999999944e-02
7.697999999999999982e-03 1.426000000000000011e-02
5.866999999999999819e-03 1.264599999999999926e-02
4.000000000000000083e-03 1.062699999999999929e-02
2.413999999999999913e-03 8.411999999999999339e-03
1.495000000000000018e-03 6.716999999999999880e-03
6.030000000000000204e-04 4.386000000000000142e-03
1.279999999999999942e-04 2.092999999999999809e-03
-0.000000000000000000e+00 1.840000000000000001e-04
1.289999999999999914e-04 -1.740000000000000010e-03
6.040000000000000447e-04 -4.093000000000000284e-03
1.495000000000000018e-03 -6.537000000000000276e-03
2.410999999999999949e-03 -8.349999999999999784e-03
3.989000000000000358e-03 -1.077099999999999932e-02
5.845000000000000369e-03 -1.303499999999999971e-02
7.662000000000000408e-03 -1.489299999999999999e-02
1.016700000000000069e-02 -1.709400000000000155e-02
1.250700000000000076e-02 -1.888199999999999948e-02
1.566400000000000084e-02 -2.101499999999999896e-02
1.923199999999999910e-02 -2.313499999999999931e-02
2.232500000000000109e-02 -2.479200000000000154e-02
2.652099999999999944e-02 -2.682400000000000062e-02
3.110900000000000123e-02 -2.883199999999999999e-02
3.495299999999999796e-02 -3.037000000000000116e-02
4.018000000000000044e-02 -3.229800000000000032e-02
4.451299999999999701e-02 -3.377100000000000241e-02
5.036299999999999805e-02 -3.561600000000000182e-02
5.640400000000000275e-02 -3.736799999999999844e-02
6.163099999999999828e-02 -3.878100000000000297e-02
6.826100000000000223e-02 -4.044699999999999684e-02
7.541399999999999493e-02 -4.211299999999999766e-02
8.115899999999999503e-02 -4.335800000000000071e-02
8.887799999999999867e-02 -4.491799999999999959e-02
9.506799999999999973e-02 -4.608000000000000290e-02
1.033319999999999933e-01 -4.752300000000000274e-02
1.116309999999999941e-01 -4.884800000000000253e-02
1.187420000000000003e-01 -4.989299999999999985e-02
1.275580000000000047e-01 -5.107500000000000234e-02
1.350699999999999956e-01 -5.198699999999999849e-02
1.443820000000000103e-01 -5.299800000000000344e-02
1.542209999999999970e-01 -5.392999999999999877e-02
1.620610000000000106e-01 -5.457599999999999951e-02
1.723530000000000062e-01 -5.530000000000000193e-02
1.826180000000000025e-01 -5.589000000000000218e-02
1.912739999999999996e-01 -5.629499999999999782e-02
2.019630000000000036e-01 -5.669500000000000234e-02
2.109389999999999876e-01 -5.696500000000000175e-02
2.221200000000000119e-01 -5.724300000000000221e-02
2.335710000000000008e-01 -5.747300000000000325e-02
2.428530000000000133e-01 -5.761800000000000255e-02
2.546470000000000122e-01 -5.775000000000000272e-02
2.642039999999999944e-01 -5.781200000000000228e-02
2.763120000000000021e-01 -5.783100000000000046e-02
2.886139999999999817e-01 -5.777100000000000291e-02
2.985169999999999768e-01 -5.766099999999999698e-02
3.111010000000000164e-01 -5.742599999999999788e-02
3.237180000000000057e-01 -5.707600000000000173e-02
3.340420000000000056e-01 -5.668900000000000328e-02
3.468829999999999969e-01 -5.608099999999999891e-02
3.573810000000000042e-01 -5.549099999999999866e-02
3.704120000000000190e-01 -5.466800000000000131e-02
3.837189999999999768e-01 -5.374899999999999817e-02
3.942410000000000081e-01 -5.298800000000000038e-02
4.077020000000000088e-01 -5.200199999999999961e-02
4.209959999999999813e-01 -5.104500000000000010e-02
4.318980000000000041e-01 -5.030199999999999949e-02
4.452599999999999891e-01 -4.947300000000000308e-02
4.562470000000000137e-01 -4.887999999999999984e-02
4.696339999999999959e-01 -4.823199999999999710e-02
4.834019999999999984e-01 -4.761599999999999860e-02
4.940599999999999992e-01 -4.713799999999999935e-02
5.078799999999999981e-01 -4.648900000000000254e-02
5.212059999999999471e-01 -4.578200000000000325e-02
5.323320000000000274e-01 -4.510700000000000126e-02
5.455640000000000489e-01 -4.415899999999999687e-02
5.567020000000000302e-01 -4.321500000000000341e-02
5.698039999999999772e-01 -4.190800000000000081e-02
5.834570000000000034e-01 -4.035899999999999904e-02
5.938750000000000417e-01 -3.907200000000000256e-02
6.074509999999999632e-01 -3.729899999999999882e-02
6.203840000000000465e-01 -3.554199999999999721e-02
6.311890000000000001e-01 -3.405199999999999894e-02
6.441249999999999476e-01 -3.227100000000000107e-02
6.569869999999999877e-01 -3.054099999999999870e-02
6.677840000000000442e-01 -2.914500000000000077e-02
6.799929999999999586e-01 -2.764499999999999943e-02
6.906390000000000029e-01 -2.637799999999999867e-02
7.025780000000000358e-01 -2.496999999999999914e-02
7.154690000000000216e-01 -2.342500000000000138e-02
7.268700000000000161e-01 -2.200600000000000125e-02
7.373060000000000169e-01 -2.064699999999999869e-02
7.483880000000000532e-01 -1.912700000000000164e-02
7.585819999999999785e-01 -1.765100000000000002e-02
7.693280000000000118e-01 -1.600899999999999893e-02
7.814780000000000060e-01 -1.404200000000000066e-02
7.918669999999999876e-01 -1.226900000000000039e-02
8.014010000000000300e-01 -1.059099999999999972e-02
8.114160000000000261e-01 -8.821999999999999981e-03
8.206050000000000288e-01 -7.231999999999999713e-03
8.302289999999999948e-01 -5.629000000000000323e-03
8.390440000000000120e-01 -4.238999999999999713e-03
8.482610000000000428e-01 -2.882000000000000013e-03
8.585679999999999978e-01 -1.497000000000000067e-03
8.673469999999999791e-01 -4.350000000000000026e-04
8.752459999999999685e-01 4.209999999999999875e-04
8.835800000000000320e-01 1.219999999999999947e-03
8.910219999999999807e-01 1.840000000000000056e-03
8.988960000000000283e-01 2.396000000000000126e-03
9.072750000000000536e-01 2.858999999999999996e-03
9.148220000000000240e-01 3.167000000000000110e-03
9.210409999999999986e-01 3.350999999999999812e-03
9.280709999999999793e-01 3.480000000000000020e-03
9.337910000000000377e-01 3.521999999999999957e-03
9.405120000000000147e-01 3.500000000000000073e-03
9.466250000000000497e-01 3.410999999999999970e-03
9.517160000000000064e-01 3.286999999999999991e-03
9.571450000000000236e-01 3.102000000000000157e-03
9.627130000000000409e-01 2.856000000000000032e-03
9.674779999999999491e-01 2.601000000000000013e-03
9.714669999999999694e-01 2.354999999999999889e-03
9.756439999999999557e-01 2.066000000000000128e-03
9.798200000000000243e-01 1.747000000000000072e-03
9.833790000000000031e-01 1.449999999999999900e-03
9.867489999999999872e-01 1.149999999999999981e-03
9.896770000000000289e-01 8.720000000000000537e-04
9.922130000000000116e-01 6.210000000000000242e-04
9.948939999999999451e-01 3.429999999999999889e-04
9.968939999999999468e-01 1.279999999999999942e-04
9.985889999999999489e-01 -5.899999999999999754e-05
1.000000000000000000e+00 -2.190000000000000106e-04
1.000000000000000000e+00 3.399999999999999973e-05
