1.000000000000000000e+00 -6.999999999999999895e-06
1.000000000000000000e+00 4.650000000000000270e-04
9.986150000000000304e-01 7.730000000000000326e-04
9.969519999999999493e-01 1.136000000000000074e-03
9.946540000000000381e-01 1.623000000000000094e-03
9.923549999999999871e-01 2.099000000000000171e-03
9.898639999999999661e-01 2.602999999999999845e-03
9.869879999999999765e-01 3.173000000000000039e-03
9.836770000000000236e-01 3.815999999999999948e-03
9.801809999999999690e-01 4.481999999999999873e-03
9.760760000000000547e-01 5.249000000000000193e-03
9.719710000000000294e-01 6.002999999999999656e-03
9.671419999999999462e-01 6.875000000000000035e-03
9.623819999999999597e-01 7.723999999999999963e-03
9.578870000000000440e-01 8.514999999999999999e-03
9.522699999999999498e-01 9.492999999999999702e-03
9.464190000000000103e-01 1.050300000000000018e-02
9.399690000000000545e-01 1.160800000000000026e-02
9.348929999999999740e-01 1.247299999999999971e-02
9.278170000000000028e-01 1.367299999999999939e-02
9.210129999999999706e-01 1.482200000000000011e-02
9.146349999999999758e-01 1.589700000000000141e-02
9.073329999999999451e-01 1.712400000000000033e-02
8.987960000000000393e-01 1.857200000000000170e-02
8.909920000000000062e-01 1.991800000000000168e-02
8.835450000000000248e-01 2.120700000000000016e-02
8.752760000000000540e-01 2.264299999999999993e-02
8.673659999999999703e-01 2.402100000000000068e-02
8.586460000000000203e-01 2.554500000000000173e-02
8.483349999999999502e-01 2.735399999999999984e-02
8.391659999999999675e-01 2.896599999999999869e-02
8.303239999999999510e-01 3.051999999999999852e-02
8.207370000000000498e-01 3.219700000000000339e-02
8.115090000000000359e-01 3.379200000000000259e-02
8.015200000000000102e-01 3.548500000000000265e-02
7.899629999999999708e-01 3.737100000000000144e-02
7.793280000000000207e-01 3.901000000000000301e-02
7.696020000000000083e-01 4.041700000000000154e-02
7.585960000000000480e-01 4.190900000000000181e-02
7.485779999999999657e-01 4.317499999999999810e-02
7.372220000000000439e-01 4.451399999999999801e-02
7.269440000000000346e-01 4.564100000000000101e-02
7.147639999999999549e-01 4.688699999999999812e-02
7.024939999999999518e-01 4.805899999999999755e-02
6.920490000000000252e-01 4.900800000000000295e-02
6.797309999999999741e-01 5.008900000000000158e-02
6.691099999999999826e-01 5.100400000000000073e-02
6.565250000000000252e-01 5.208700000000000135e-02
6.431099999999999595e-01 5.323800000000000060e-02
6.329329999999999679e-01 5.410299999999999832e-02
6.193670000000000009e-01 5.523299999999999738e-02
6.065199999999999481e-01 5.627100000000000157e-02
5.953340000000000298e-01 5.714000000000000329e-02
5.822899999999999743e-01 5.810400000000000287e-02
5.710690000000000488e-01 5.888199999999999684e-02
5.578619999999999690e-01 5.973099999999999937e-02
5.466360000000000108e-01 6.038899999999999824e-02
5.333020000000000538e-01 6.109300000000000147e-02
5.193489999999999496e-01 6.173700000000000021e-02
5.086730000000000418e-01 6.216499999999999804e-02
4.947630000000000083e-01 6.263699999999999823e-02
4.813160000000000216e-01 6.300000000000000044e-02
4.702009999999999801e-01 6.323099999999999554e-02
4.567519999999999913e-01 6.342399999999999427e-02
4.457220000000000071e-01 6.351300000000000001e-02
4.323159999999999781e-01 6.353399999999999326e-02
4.186920000000000086e-01 6.345199999999999452e-02
4.080619999999999803e-01 6.330800000000000316e-02
3.945810000000000151e-01 6.301800000000000457e-02
3.840459999999999985e-01 6.270000000000000573e-02
3.707289999999999752e-01 6.217600000000000210e-02
3.576920000000000099e-01 6.151999999999999830e-02
3.471910000000000274e-01 6.088099999999999762e-02
3.343470000000000053e-01 5.995799999999999741e-02
3.215120000000000200e-01 5.887799999999999978e-02
3.114029999999999854e-01 5.793800000000000339e-02
2.988179999999999725e-01 5.669500000000000234e-02
2.889129999999999754e-01 5.568599999999999939e-02
2.766089999999999938e-01 5.442700000000000315e-02
2.644980000000000109e-01 5.320600000000000329e-02
2.549379999999999979e-01 5.226999999999999702e-02
2.431419999999999970e-01 5.116400000000000114e-02
2.315859999999999863e-01 5.014099999999999807e-02
2.223100000000000076e-01 4.936800000000000216e-02
2.112219999999999931e-01 4.850299999999999750e-02
2.022440000000000071e-01 4.784299999999999664e-02
1.915530000000000010e-01 4.707200000000000273e-02
1.808299999999999907e-01 4.627699999999999869e-02
1.726300000000000057e-01 4.563299999999999995e-02
1.623370000000000091e-01 4.475900000000000017e-02
1.544959999999999944e-01 4.403300000000000269e-02
1.446570000000000078e-01 4.303499999999999687e-02
1.353449999999999931e-01 4.199200000000000155e-02
1.278330000000000022e-01 4.107500000000000040e-02
1.190179999999999988e-01 3.990799999999999903e-02
1.102280000000000065e-01 3.863799999999999873e-02
1.036090000000000066e-01 3.760800000000000254e-02
9.534399999999999820e-02 3.622700000000000226e-02
8.915399999999999714e-02 3.511999999999999844e-02
8.143499999999999350e-02 3.364500000000000129e-02
7.423100000000000531e-02 3.216999999999999721e-02
6.853199999999999570e-02 3.092699999999999963e-02
6.189900000000000263e-02 2.939200000000000146e-02
5.666600000000000109e-02 2.810500000000000151e-02
5.061700000000000227e-02 2.653000000000000150e-02
4.475599999999999717e-02 2.489799999999999999e-02
4.041100000000000247e-02 2.361699999999999910e-02
3.516600000000000281e-02 2.196999999999999995e-02
3.032800000000000079e-02 2.034100000000000144e-02
2.669300000000000145e-02 1.902999999999999831e-02
2.247100000000000139e-02 1.739699999999999927e-02
1.935699999999999921e-02 1.609299999999999967e-02
1.576100000000000070e-02 1.446099999999999990e-02
1.257899999999999990e-02 1.285700000000000037e-02
1.022099999999999918e-02 1.154200000000000018e-02
7.697999999999999982e-03 9.959000000000000838e-03
5.866999999999999819e-03 8.654000000000000234e-03
4.000000000000000083e-03 7.097000000000000010e-03
2.413999999999999913e-03 5.470000000000000036e-03
1.495000000000000018e-03 4.271999999999999756e-03
6.030000000000000204e-04 2.680000000000000090e-03
1.279999999999999942e-04 1.160999999999999923e-03
-0.000000000000000000e+00 -7.899999999999999579e-05
1.289999999999999914e-04 -1.312000000000000015e-03
6.040000000000000447e-04 -2.811000000000000131e-03
1.495000000000000018e-03 -4.368999999999999620e-03
2.410999999999999949e-03 -5.532999999999999724e-03
3.989000000000000358e-03 -7.106000000000000337e-03
5.845000000000000369e-03 -8.606000000000000802e-03
7.662000000000000408e-03 -9.860999999999999974e-03
1.016700000000000069e-02 -1.138400000000000002e-02
1.250700000000000076e-02 -1.265100000000000079e-02
1.566400000000000084e-02 -1.420000000000000082e-02
1.923199999999999910e-02 -1.578299999999999842e-02
2.232500000000000109e-02 -1.705200000000000118e-02
2.652099999999999944e-02 -1.864599999999999938e-02
3.110900000000000123e-02 -2.026199999999999876e-02
3.495299999999999796e-02 -2.152899999999999953e-02
4.018000000000000044e-02 -2.315299999999999997e-02
4.451299999999999701e-02 -2.442199999999999926e-02
5.036299999999999805e-02 -2.604700000000000071e-02
5.640400000000000275e-02 -2.762900000000000078e-02
6.163099999999999828e-02 -2.893599999999999992e-02
6.826100000000000223e-02 -3.051699999999999899e-02
7.541399999999999493e-02 -3.214600000000000096e-02
8.115899999999999503e-02 -3.340200000000000113e-02
8.887799999999999867e-02 -3.502999999999999864e-02
9.506799999999999973e-02 -3.629099999999999687e-02
1.033319999999999933e-01 -3.792199999999999738e-02
1.116309999999999941e-01 -3.950700000000000045e-02
1.187420000000000003e-01 -4.082800000000000318e-02
1.275580000000000047e-01 -4.242200000000000137e-02
1.350699999999999956e-01 -4.374600000000000016e-02
1.443820000000000103e-01 -4.534599999999999742e-02
1.542209999999999970e-01 -4.698999999999999705e-02
1.620610000000000106e-01 -4.826600000000000334e-02
1.723530000000000062e-01 -4.989199999999999885e-02
1.826180000000000025e-01 -5.144900000000000168e-02
1.912739999999999996e-01 -5.270299999999999985e-02
2.019630000000000036e-01 -5.415999999999999981e-02
2.109389999999999876e-01 -5.528700000000000281e-02
2.221200000000000119e-01 -5.654499999999999804e-02
2.335710000000000008e-01 -5.766299999999999898e-02
2.428530000000000133e-01 -5.844599999999999795e-02
2.546470000000000122e-01 -5.928699999999999942e-02
2.642039999999999944e-01 -5.984899999999999942e-02
2.763120000000000021e-01 -6.042000000000000148e-02
2.886139999999999817e-01 -6.085100000000000231e-02
2.985169999999999768e-01 -6.110299999999999759e-02
3.111010000000000164e-01 -6.131500000000000145e-02
3.237180000000000057e-01 -6.143400000000000249e-02
3.340420000000000056e-01 -6.147500000000000187e-02
3.468829999999999969e-01 -6.147600000000000287e-02
3.573810000000000042e-01 -6.142299999999999843e-02
3.704120000000000190e-01 -6.128399999999999820e-02
3.837189999999999768e-01 -6.104099999999999804e-02
3.942410000000000081e-01 -6.076899999999999663e-02
4.077020000000000088e-01 -6.031299999999999856e-02
4.209959999999999813e-01 -5.973500000000000337e-02
4.318980000000000041e-01 -5.916300000000000031e-02
4.452599999999999891e-01 -5.833599999999999897e-02
4.562470000000000137e-01 -5.755899999999999905e-02
4.696339999999999959e-01 -5.651699999999999779e-02
4.834019999999999984e-01 -5.538499999999999673e-02
4.940599999999999992e-01 -5.448900000000000271e-02
5.078799999999999981e-01 -5.334799999999999959e-02
5.212059999999999471e-01 -5.230200000000000127e-02
5.323320000000000274e-01 -5.150699999999999723e-02
5.455640000000000489e-01 -5.068000000000000282e-02
5.567020000000000302e-01 -5.011700000000000182e-02
5.698039999999999772e-01 -4.961399999999999838e-02
5.834570000000000034e-01 -4.922300000000000286e-02
5.938750000000000417e-01 -4.896799999999999764e-02
6.074509999999999632e-01 -4.863599999999999868e-02
6.203840000000000465e-01 -4.825499999999999928e-02
6.311890000000000001e-01 -4.784299999999999664e-02
6.441249999999999476e-01 -4.718300000000000272e-02
6.569869999999999877e-01 -4.628700000000000175e-02
6.677840000000000442e-01 -4.530800000000000105e-02
6.799929999999999586e-01 -4.391899999999999971e-02
6.906390000000000029e-01 -4.248400000000000093e-02
7.025780000000000358e-01 -4.066199999999999676e-02
7.154690000000000216e-01 -3.848499999999999838e-02
7.268700000000000161e-01 -3.642000000000000098e-02
7.373060000000000169e-01 -3.444900000000000045e-02
7.483880000000000532e-01 -3.230000000000000232e-02
7.585819999999999785e-01 -3.030000000000000054e-02
7.693280000000000118e-01 -2.818999999999999978e-02
7.814780000000000060e-01 -2.582999999999999879e-02
7.918669999999999876e-01 -2.385100000000000067e-02
8.014010000000000300e-01 -2.207599999999999840e-02
8.114160000000000261e-01 -2.025400000000000117e-02
8.206050000000000288e-01 -1.862300000000000066e-02
8.302289999999999948e-01 -1.695699999999999985e-02
8.390440000000000120e-01 -1.547300000000000064e-02
8.482610000000000428e-01 -1.396700000000000025e-02
8.585679999999999978e-01 -1.234400000000000081e-02
8.673469999999999791e-01 -1.101399999999999949e-02
8.752459999999999685e-01 -9.863000000000000239e-03
8.835800000000000320e-01 -8.697999999999999135e-03
8.910219999999999807e-01 -7.703999999999999911e-03
8.988960000000000283e-01 -6.705000000000000022e-03
9.072750000000000536e-01 -5.723999999999999921e-03
9.148220000000000240e-01 -4.909000000000000169e-03
9.210409999999999986e-01 -4.277999999999999685e-03
9.280709999999999793e-01 -3.612000000000000193e-03
9.337910000000000377e-01 -3.108999999999999785e-03
9.405120000000000147e-01 -2.566000000000000138e-03
9.466250000000000497e-01 -2.118999999999999790e-03
9.517160000000000064e-01 -1.783000000000000080e-03
9.571450000000000236e-01 -1.464999999999999939e-03
9.627130000000000409e-01 -1.180999999999999975e-03
9.674779999999999491e-01 -9.749999999999999552e-04
9.714669999999999694e-01 -8.279999999999999600e-04
9.756439999999999557e-01 -7.010000000000000172e-04
9.798200000000000243e-01 -5.990000000000000316e-04
9.833790000000000031e-01 -5.349999999999999938e-04
9.867489999999999872e-01 -4.889999999999999599e-04
9.896770000000000289e-01 -4.650000000000000270e-04
9.922130000000000116e-01 -4.530000000000000064e-04
9.948939999999999451e-01 -4.510000000000000120e-04
9.968939999999999468e-01 -4.580000000000000195e-04
9.985889999999999489e-01 -4.670000000000000214e-04
1.000000000000000000e+00 -4.789999999999999879e-04
1.000000000000000000e+00 -6.999999999999999895e-06
