1.000000000000000000e+00 6.000000000000000152e-05
1.000000000000000000e+00 3.040000000000000167e-04
9.986150000000000304e-01 6.650000000000000095e-04
9.969519999999999493e-01 1.098999999999999934e-03
9.946540000000000381e-01 1.699999999999999905e-03
9.923549999999999871e-01 2.302999999999999926e-03
9.898639999999999661e-01 2.958000000000000126e-03
9.869879999999999765e-01 3.713999999999999854e-03
9.836770000000000236e-01 4.585999999999999799e-03
9.801809999999999690e-01 5.505999999999999610e-03
9.760760000000000547e-01 6.584999999999999708e-03
9.719710000000000294e-01 7.661000000000000275e-03
9.671419999999999462e-01 8.923000000000000376e-03
9.623819999999999597e-01 1.016000000000000063e-02
9.578870000000000440e-01 1.132099999999999947e-02
9.522699999999999498e-01 1.276300000000000004e-02
9.464190000000000103e-01 1.425300000000000004e-02
9.399690000000000545e-01 1.587999999999999828e-02
9.348929999999999740e-01 1.714900000000000105e-02
9.278170000000000028e-01 1.890000000000000013e-02
9.210129999999999706e-01 2.056200000000000042e-02
9.146349999999999758e-01 2.210000000000000159e-02
9.073329999999999451e-01 2.383599999999999955e-02
8.987960000000000393e-01 2.584300000000000139e-02
8.909920000000000062e-01 2.766100000000000156e-02
8.835450000000000248e-01 2.936799999999999827e-02
8.752760000000000540e-01 3.122899999999999981e-02
8.673659999999999703e-01 3.297499999999999737e-02
8.586460000000000203e-01 3.486000000000000210e-02
8.483349999999999502e-01 3.703200000000000242e-02
8.391659999999999675e-01 3.891300000000000314e-02
8.303239999999999510e-01 4.068000000000000088e-02
8.207370000000000498e-01 4.254499999999999948e-02
8.115090000000000359e-01 4.429000000000000298e-02
8.015200000000000102e-01 4.612700000000000133e-02
7.899629999999999708e-01 4.819099999999999773e-02
7.793280000000000207e-01 5.004299999999999721e-02
7.696020000000000083e-01 5.169499999999999790e-02
7.585960000000000480e-01 5.351299999999999807e-02
7.485779999999999657e-01 5.511200000000000127e-02
7.372220000000000439e-01 5.685400000000000176e-02
7.269440000000000346e-01 5.835599999999999815e-02
7.147639999999999549e-01 6.003300000000000303e-02
7.024939999999999518e-01 6.159499999999999698e-02
6.920490000000000252e-01 6.281399999999999484e-02
6.797309999999999741e-01 6.410799999999999832e-02
6.691099999999999826e-01 6.508999999999999508e-02
6.565250000000000252e-01 6.608500000000000485e-02
6.431099999999999595e-01 6.694799999999999363e-02
6.329329999999999679e-01 6.747400000000000619e-02
6.193670000000000009e-01 6.800900000000000001e-02
6.065199999999999481e-01 6.834999999999999409e-02
5.953340000000000298e-01 6.852199999999999958e-02
5.822899999999999743e-01 6.858400000000000607e-02
5.710690000000000488e-01 6.852400000000000158e-02
5.578619999999999690e-01 6.832799999999999985e-02
5.466360000000000108e-01 6.806500000000000050e-02
5.333020000000000538e-01 6.765799999999999592e-02
5.193489999999999496e-01 6.715799999999999548e-02
5.086730000000000418e-01 6.674399999999999777e-02
4.947630000000000083e-01 6.619600000000000484e-02
4.813160000000000216e-01 6.568499999999999339e-02
4.702009999999999801e-01 6.530299999999999994e-02
4.567519999999999913e-01 6.491299999999999848e-02
4.457220000000000071e-01 6.467499999999999638e-02
4.323159999999999781e-01 6.450000000000000178e-02
4.186920000000000086e-01 6.442599999999999716e-02
4.080619999999999803e-01 6.440899999999999403e-02
3.945810000000000151e-01 6.440600000000000491e-02
3.840459999999999985e-01 6.439000000000000279e-02
3.707289999999999752e-01 6.431800000000000017e-02
3.576920000000000099e-01 6.415500000000000369e-02
3.471910000000000274e-01 6.393000000000000071e-02
3.343470000000000053e-01 6.351300000000000001e-02
3.215120000000000200e-01 6.291700000000000070e-02
3.114029999999999854e-01 6.234100000000000058e-02
2.988179999999999725e-01 6.153600000000000042e-02
2.889129999999999754e-01 6.086099999999999843e-02
2.766089999999999938e-01 6.000199999999999978e-02
2.644980000000000109e-01 5.916400000000000131e-02
2.549379999999999979e-01 5.852299999999999863e-02
2.431419999999999970e-01 5.777100000000000291e-02
2.315859999999999863e-01 5.708499999999999686e-02
2.223100000000000076e-01 5.657399999999999929e-02
2.112219999999999931e-01 5.601099999999999829e-02
2.022440000000000071e-01 5.558300000000000046e-02
1.915530000000000010e-01 5.506699999999999789e-02
1.808299999999999907e-01 5.449699999999999683e-02
1.726300000000000057e-01 5.400699999999999945e-02
1.623370000000000091e-01 5.330200000000000216e-02
1.544959999999999944e-01 5.269100000000000172e-02
1.446570000000000078e-01 5.182500000000000301e-02
1.353449999999999931e-01 5.089599999999999680e-02
1.278330000000000022e-01 5.006599999999999939e-02
1.190179999999999988e-01 4.899799999999999989e-02
1.102280000000000065e-01 4.782399999999999846e-02
1.036090000000000066e-01 4.686599999999999794e-02
9.534399999999999820e-02 4.557400000000000340e-02
8.915399999999999714e-02 4.453399999999999720e-02
8.143499999999999350e-02 4.313800000000000273e-02
7.423100000000000531e-02 4.173199999999999826e-02
6.853199999999999570e-02 4.053799999999999765e-02
6.189900000000000263e-02 3.904900000000000038e-02
5.666600000000000109e-02 3.778600000000000014e-02
5.061700000000000227e-02 3.622000000000000219e-02
4.475599999999999717e-02 3.456800000000000150e-02
4.041100000000000247e-02 3.324699999999999878e-02
3.516600000000000281e-02 3.150900000000000228e-02
3.032800000000000079e-02 2.974299999999999861e-02
2.669300000000000145e-02 2.827800000000000105e-02
2.247100000000000139e-02 2.639400000000000079e-02
1.935699999999999921e-02 2.483300000000000091e-02
1.576100000000000070e-02 2.280499999999999888e-02
1.257899999999999990e-02 2.071800000000000030e-02
1.022099999999999918e-02 1.893399999999999944e-02
7.697999999999999982e-03 1.669400000000000051e-02
5.866999999999999819e-03 1.476899999999999914e-02
4.000000000000000083e-03 1.238099999999999964e-02
2.413999999999999913e-03 9.785999999999999560e-03
1.495000000000000018e-03 7.816999999999999296e-03
6.030000000000000204e-04 5.139999999999999604e-03
1.279999999999999942e-04 2.543000000000000121e-03
-0.000000000000000000e+00 4.110000000000000155e-04
1.289999999999999914e-04 -1.706000000000000051e-03
6.040000000000000447e-04 -4.248000000000000040e-03
1.495000000000000018e-03 -6.825999999999999603e-03
2.410999999999999949e-03 -8.694000000000000339e-03
3.989000000000000358e-03 -1.112100000000000068e-02
5.845000000000000369e-03 -1.331500000000000045e-02
7.662000000000000408e-03 -1.505500000000000067e-02
1.016700000000000069e-02 -1.704400000000000012e-02
1.250700000000000076e-02 -1.859600000000000142e-02
1.566400000000000084e-02 -2.036999999999999922e-02
1.923199999999999910e-02 -2.204499999999999862e-02
2.232500000000000109e-02 -2.329200000000000020e-02
2.652099999999999944e-02 -2.474099999999999910e-02
3.110900000000000123e-02 -2.608699999999999908e-02
3.495299999999999796e-02 -2.705499999999999919e-02
4.018000000000000044e-02 -2.819599999999999884e-02
4.451299999999999701e-02 -2.900600000000000053e-02
5.036299999999999805e-02 -2.995000000000000093e-02
5.640400000000000275e-02 -3.076600000000000168e-02
6.163099999999999828e-02 -3.136699999999999905e-02
6.826100000000000223e-02 -3.200599999999999973e-02
7.541399999999999493e-02 -3.256699999999999873e-02
8.115899999999999503e-02 -3.293100000000000194e-02
8.887799999999999867e-02 -3.331699999999999939e-02
9.506799999999999973e-02 -3.354900000000000243e-02
1.033319999999999933e-01 -3.376500000000000334e-02
1.116309999999999941e-01 -3.388300000000000339e-02
1.187420000000000003e-01 -3.391500000000000070e-02
1.275580000000000047e-01 -3.387199999999999933e-02
1.350699999999999956e-01 -3.377299999999999747e-02
1.443820000000000103e-01 -3.358099999999999974e-02
1.542209999999999970e-01 -3.331200000000000133e-02
1.620610000000000106e-01 -3.306200000000000111e-02
1.723530000000000062e-01 -3.271099999999999702e-02
1.826180000000000025e-01 -3.236699999999999994e-02
1.912739999999999996e-01 -3.211599999999999872e-02
2.019630000000000036e-01 -3.190599999999999686e-02
2.109389999999999876e-01 -3.186599999999999849e-02
2.221200000000000119e-01 -3.205700000000000216e-02
2.335710000000000008e-01 -3.253700000000000342e-02
2.428530000000000133e-01 -3.312099999999999766e-02
2.546470000000000122e-01 -3.408100000000000018e-02
2.642039999999999944e-01 -3.500199999999999839e-02
2.763120000000000021e-01 -3.629199999999999787e-02
2.886139999999999817e-01 -3.764699999999999991e-02
2.985169999999999768e-01 -3.869000000000000217e-02
3.111010000000000164e-01 -3.982900000000000329e-02
3.237180000000000057e-01 -4.061700000000000033e-02
3.340420000000000056e-01 -4.087600000000000261e-02
3.468829999999999969e-01 -4.062799999999999745e-02
3.573810000000000042e-01 -3.999699999999999783e-02
3.704120000000000190e-01 -3.876099999999999685e-02
3.837189999999999768e-01 -3.707900000000000085e-02
3.942410000000000081e-01 -3.552199999999999802e-02
4.077020000000000088e-01 -3.333699999999999858e-02
4.209959999999999813e-01 -3.107299999999999993e-02
4.318980000000000041e-01 -2.922399999999999998e-02
4.452599999999999891e-01 -2.706599999999999978e-02
4.562470000000000137e-01 -2.544700000000000087e-02
4.696339999999999959e-01 -2.365400000000000141e-02
4.834019999999999984e-01 -2.198999999999999913e-02
4.940599999999999992e-01 -2.080399999999999958e-02
5.078799999999999981e-01 -1.937900000000000039e-02
5.212059999999999471e-01 -1.808999999999999844e-02
5.323320000000000274e-01 -1.706299999999999831e-02
5.455640000000000489e-01 -1.586699999999999916e-02
5.567020000000000302e-01 -1.486700000000000001e-02
5.698039999999999772e-01 -1.367400000000000039e-02
5.834570000000000034e-01 -1.242099999999999975e-02
5.938750000000000417e-01 -1.145900000000000044e-02
6.074509999999999632e-01 -1.020599999999999979e-02
6.203840000000000465e-01 -9.013999999999999443e-03
6.311890000000000001e-01 -8.026000000000000148e-03
6.441249999999999476e-01 -6.854999999999999982e-03
6.569869999999999877e-01 -5.708000000000000400e-03
6.677840000000000442e-01 -4.764000000000000005e-03
6.799929999999999586e-01 -3.720000000000000216e-03
6.906390000000000029e-01 -2.834000000000000147e-03
7.025780000000000358e-01 -1.869000000000000002e-03
7.154690000000000216e-01 -8.649999999999999920e-04
7.268700000000000161e-01 -1.099999999999999971e-05
7.373060000000000169e-01 7.399999999999999894e-04
7.483880000000000532e-01 1.502999999999999996e-03
7.585819999999999785e-01 2.171999999999999886e-03
7.693280000000000118e-01 2.841999999999999908e-03
7.814780000000000060e-01 3.555000000000000000e-03
7.918669999999999876e-01 4.125000000000000194e-03
8.014010000000000300e-01 4.615000000000000178e-03
8.114160000000000261e-01 5.092000000000000172e-03
8.206050000000000288e-01 5.492000000000000354e-03
8.302289999999999948e-01 5.870000000000000218e-03
8.390440000000000120e-01 6.174999999999999933e-03
8.482610000000000428e-01 6.451000000000000137e-03
8.585679999999999978e-01 6.700000000000000226e-03
8.673469999999999791e-01 6.860999999999999911e-03
8.752459999999999685e-01 6.962000000000000306e-03
8.835800000000000320e-01 7.020000000000000198e-03
8.910219999999999807e-01 7.027000000000000260e-03
8.988960000000000283e-01 6.982999999999999624e-03
9.072750000000000536e-01 6.858999999999999646e-03
9.148220000000000240e-01 6.681999999999999572e-03
9.210409999999999986e-01 6.496000000000000038e-03
9.280709999999999793e-01 6.235000000000000091e-03
9.337910000000000377e-01 5.982999999999999603e-03
9.405120000000000147e-01 5.637999999999999783e-03
9.466250000000000497e-01 5.276000000000000308e-03
9.517160000000000064e-01 4.936000000000000283e-03
9.571450000000000236e-01 4.533999999999999836e-03
9.627130000000000409e-01 4.078000000000000028e-03
9.674779999999999491e-01 3.650000000000000033e-03
9.714669999999999694e-01 3.265999999999999806e-03
9.756439999999999557e-01 2.837000000000000112e-03
9.798200000000000243e-01 2.383000000000000135e-03
9.833790000000000031e-01 1.974000000000000060e-03
9.867489999999999872e-01 1.569999999999999998e-03
9.896770000000000289e-01 1.203999999999999992e-03
9.922130000000000116e-01 8.779999999999999827e-04
9.948939999999999451e-01 5.220000000000000031e-04
9.968939999999999468e-01 2.500000000000000052e-04
9.985889999999999489e-01 1.500000000000000038e-05
1.000000000000000000e+00 -1.840000000000000001e-04
1.000000000000000000e+00 6.000000000000000152e-05
