1.000000000000000000e+00 5.899999999999999754e-05
1.000000000000000000e+00 3.379999999999999758e-04
9.986150000000000304e-01 7.050000000000000060e-04
9.969519999999999493e-01 1.146000000000000100e-03
9.946540000000000381e-01 1.755999999999999965e-03
9.923549999999999871e-01 2.367000000000000180e-03
9.898639999999999661e-01 3.029000000000000008e-03
9.869879999999999765e-01 3.794000000000000063e-03
9.836770000000000236e-01 4.675000000000000336e-03
9.801809999999999690e-01 5.604999999999999739e-03
9.760760000000000547e-01 6.694000000000000297e-03
9.719710000000000294e-01 7.779999999999999589e-03
9.671419999999999462e-01 9.053000000000000283e-03
9.623819999999999597e-01 1.030200000000000039e-02
9.578870000000000440e-01 1.147399999999999982e-02
9.522699999999999498e-01 1.293000000000000052e-02
9.464190000000000103e-01 1.443599999999999918e-02
9.399690000000000545e-01 1.608100000000000154e-02
9.348929999999999740e-01 1.736599999999999949e-02
9.278170000000000028e-01 1.913899999999999976e-02
9.210129999999999706e-01 2.082600000000000076e-02
9.146349999999999758e-01 2.238899999999999918e-02
9.073329999999999451e-01 2.415499999999999939e-02
8.987960000000000393e-01 2.620199999999999960e-02
8.909920000000000062e-01 2.806000000000000161e-02
8.835450000000000248e-01 2.980899999999999869e-02
8.752760000000000540e-01 3.171999999999999820e-02
8.673659999999999703e-01 3.351599999999999718e-02
8.586460000000000203e-01 3.545899999999999747e-02
8.483349999999999502e-01 3.770400000000000140e-02
8.391659999999999675e-01 3.965099999999999875e-02
8.303239999999999510e-01 4.148099999999999704e-02
8.207370000000000498e-01 4.341300000000000020e-02
8.115090000000000359e-01 4.521599999999999925e-02
8.015200000000000102e-01 4.710799999999999710e-02
7.899629999999999708e-01 4.921600000000000280e-02
7.793280000000000207e-01 5.108300000000000340e-02
7.696020000000000083e-01 5.272600000000000203e-02
7.585960000000000480e-01 5.450399999999999689e-02
7.485779999999999657e-01 5.604200000000000154e-02
7.372220000000000439e-01 5.768399999999999916e-02
7.269440000000000346e-01 5.906700000000000145e-02
7.147639999999999549e-01 6.056899999999999784e-02
7.024939999999999518e-01 6.191900000000000182e-02
6.920490000000000252e-01 6.293100000000000083e-02
6.797309999999999741e-01 6.395299999999999596e-02
6.691099999999999826e-01 6.467799999999999938e-02
6.565250000000000252e-01 6.534800000000000331e-02
6.431099999999999595e-01 6.585900000000000087e-02
6.329329999999999679e-01 6.612899999999999334e-02
6.193670000000000009e-01 6.635800000000000032e-02
6.065199999999999481e-01 6.647000000000000131e-02
5.953340000000000298e-01 6.650599999999999568e-02
5.822899999999999743e-01 6.650799999999999768e-02
5.710690000000000488e-01 6.649800000000000155e-02
5.578619999999999690e-01 6.650100000000000455e-02
5.466360000000000108e-01 6.654000000000000192e-02
5.333020000000000538e-01 6.662500000000000366e-02
5.193489999999999496e-01 6.673700000000000465e-02
5.086730000000000418e-01 6.682299999999999351e-02
4.947630000000000083e-01 6.691400000000000126e-02
4.813160000000000216e-01 6.695800000000000363e-02
4.702009999999999801e-01 6.694700000000000650e-02
4.567519999999999913e-01 6.685599999999999876e-02
4.457220000000000071e-01 6.670500000000000040e-02
4.323159999999999781e-01 6.641400000000000081e-02
4.186920000000000086e-01 6.601600000000000523e-02
4.080619999999999803e-01 6.565200000000000202e-02
3.945810000000000151e-01 6.514499999999999458e-02
3.840459999999999985e-01 6.472799999999999387e-02
3.707289999999999752e-01 6.419300000000000006e-02
3.576920000000000099e-01 6.368300000000000349e-02
3.471910000000000274e-01 6.329700000000000604e-02
3.343470000000000053e-01 6.287099999999999633e-02
3.215120000000000200e-01 6.251099999999999712e-02
3.114029999999999854e-01 6.227200000000000096e-02
2.988179999999999725e-01 6.201799999999999674e-02
2.889129999999999754e-01 6.184599999999999820e-02
2.766089999999999938e-01 6.165199999999999847e-02
2.644980000000000109e-01 6.147099999999999786e-02
2.549379999999999979e-01 6.132399999999999657e-02
2.431419999999999970e-01 6.112599999999999978e-02
2.315859999999999863e-01 6.090199999999999780e-02
2.223100000000000076e-01 6.069399999999999795e-02
2.112219999999999931e-01 6.040000000000000230e-02
2.022440000000000071e-01 6.011400000000000077e-02
1.915530000000000010e-01 5.968400000000000094e-02
1.808299999999999907e-01 5.912099999999999994e-02
1.726300000000000057e-01 5.859099999999999725e-02
1.623370000000000091e-01 5.779100000000000209e-02
1.544959999999999944e-01 5.707600000000000173e-02
1.446570000000000078e-01 5.604800000000000060e-02
1.353449999999999931e-01 5.493900000000000172e-02
1.278330000000000022e-01 5.394600000000000090e-02
1.190179999999999988e-01 5.266699999999999854e-02
1.102280000000000065e-01 5.126499999999999807e-02
1.036090000000000066e-01 5.012300000000000089e-02
9.534399999999999820e-02 4.858599999999999725e-02
8.915399999999999714e-02 4.735099999999999726e-02
8.143499999999999350e-02 4.569999999999999757e-02
7.423100000000000531e-02 4.404199999999999782e-02
6.853199999999999570e-02 4.263999999999999735e-02
6.189900000000000263e-02 4.089899999999999786e-02
5.666600000000000109e-02 3.942899999999999877e-02
5.061700000000000227e-02 3.761500000000000260e-02
4.475599999999999717e-02 3.571599999999999775e-02
4.041100000000000247e-02 3.420700000000000129e-02
3.516600000000000281e-02 3.223999999999999783e-02
3.032800000000000079e-02 3.026099999999999970e-02
2.669300000000000145e-02 2.863600000000000173e-02
2.247100000000000139e-02 2.657199999999999840e-02
1.935699999999999921e-02 2.488299999999999887e-02
1.576100000000000070e-02 2.271700000000000108e-02
1.257899999999999990e-02 2.052299999999999958e-02
1.022099999999999918e-02 1.867200000000000110e-02
7.697999999999999982e-03 1.637999999999999873e-02
5.866999999999999819e-03 1.443499999999999991e-02
4.000000000000000083e-03 1.204999999999999995e-02
2.413999999999999913e-03 9.487000000000000641e-03
1.495000000000000018e-03 7.557999999999999614e-03
6.030000000000000204e-04 4.949000000000000274e-03
1.279999999999999942e-04 2.425000000000000072e-03
-0.000000000000000000e+00 3.519999999999999908e-04
1.289999999999999914e-04 -1.711999999999999980e-03
6.040000000000000447e-04 -4.206999999999999802e-03
1.495000000000000018e-03 -6.765000000000000180e-03
2.410999999999999949e-03 -8.642000000000000376e-03
3.989000000000000358e-03 -1.111999999999999968e-02
5.845000000000000369e-03 -1.341000000000000004e-02
7.662000000000000408e-03 -1.526699999999999932e-02
1.016700000000000069e-02 -1.744000000000000064e-02
1.250700000000000076e-02 -1.918200000000000113e-02
1.566400000000000084e-02 -2.123099999999999987e-02
1.923199999999999910e-02 -2.323100000000000165e-02
2.232500000000000109e-02 -2.476899999999999935e-02
2.652099999999999944e-02 -2.661600000000000077e-02
3.110900000000000123e-02 -2.839699999999999863e-02
3.495299999999999796e-02 -2.972699999999999995e-02
4.018000000000000044e-02 -3.135099999999999693e-02
4.451299999999999701e-02 -3.255199999999999760e-02
5.036299999999999805e-02 -3.400700000000000250e-02
5.640400000000000275e-02 -3.532699999999999729e-02
6.163099999999999828e-02 -3.634600000000000330e-02
6.826100000000000223e-02 -3.748599999999999849e-02
7.541399999999999493e-02 -3.855299999999999699e-02
8.115899999999999503e-02 -3.929300000000000154e-02
8.887799999999999867e-02 -4.014700000000000213e-02
9.506799999999999973e-02 -4.071700000000000319e-02
1.033319999999999933e-01 -4.133599999999999774e-02
1.116309999999999941e-01 -4.179800000000000182e-02
1.187420000000000003e-01 -4.207400000000000029e-02
1.275580000000000047e-01 -4.226499999999999702e-02
1.350699999999999956e-01 -4.230099999999999832e-02
1.443820000000000103e-01 -4.218800000000000328e-02
1.542209999999999970e-01 -4.188900000000000262e-02
1.620610000000000106e-01 -4.152399999999999841e-02
1.723530000000000062e-01 -4.088900000000000173e-02
1.826180000000000025e-01 -4.009900000000000270e-02
1.912739999999999996e-01 -3.933500000000000191e-02
2.019630000000000036e-01 -3.831299999999999983e-02
2.109389999999999876e-01 -3.743300000000000100e-02
2.221200000000000119e-01 -3.638299999999999867e-02
2.335710000000000008e-01 -3.539199999999999985e-02
2.428530000000000133e-01 -3.466000000000000331e-02
2.546470000000000122e-01 -3.383200000000000096e-02
2.642039999999999944e-01 -3.324900000000000078e-02
2.763120000000000021e-01 -3.262799999999999728e-02
2.886139999999999817e-01 -3.212899999999999784e-02
2.985169999999999768e-01 -3.182100000000000206e-02
3.111010000000000164e-01 -3.153399999999999953e-02
3.237180000000000057e-01 -3.134800000000000086e-02
3.340420000000000056e-01 -3.125000000000000000e-02
3.468829999999999969e-01 -3.117100000000000079e-02
3.573810000000000042e-01 -3.111699999999999883e-02
3.704120000000000190e-01 -3.103799999999999962e-02
3.837189999999999768e-01 -3.090599999999999944e-02
3.942410000000000081e-01 -3.074100000000000096e-02
4.077020000000000088e-01 -3.042399999999999965e-02
4.209959999999999813e-01 -2.996100000000000152e-02
4.318980000000000041e-01 -2.944899999999999948e-02
4.452599999999999891e-01 -2.862900000000000167e-02
4.562470000000000137e-01 -2.778800000000000020e-02
4.696339999999999959e-01 -2.657899999999999846e-02
4.834019999999999984e-01 -2.517099999999999893e-02
4.940599999999999992e-01 -2.399099999999999844e-02
5.078799999999999981e-01 -2.238800000000000165e-02
5.212059999999999471e-01 -2.079699999999999951e-02
5.323320000000000274e-01 -1.947099999999999873e-02
5.455640000000000489e-01 -1.792300000000000143e-02
5.567020000000000302e-01 -1.667700000000000085e-02
5.698039999999999772e-01 -1.529299999999999930e-02
5.834570000000000034e-01 -1.393999999999999927e-02
5.938750000000000417e-01 -1.295499999999999950e-02
6.074509999999999632e-01 -1.171999999999999952e-02
6.203840000000000465e-01 -1.057899999999999986e-02
6.311890000000000001e-01 -9.641000000000000264e-03
6.441249999999999476e-01 -8.522000000000000061e-03
6.569869999999999877e-01 -7.400999999999999593e-03
6.677840000000000442e-01 -6.444000000000000075e-03
6.799929999999999586e-01 -5.337999999999999863e-03
6.906390000000000029e-01 -4.366000000000000089e-03
7.025780000000000358e-01 -3.281000000000000062e-03
7.154690000000000216e-01 -2.132999999999999913e-03
7.268700000000000161e-01 -1.152999999999999945e-03
7.373060000000000169e-01 -2.959999999999999849e-04
7.483880000000000532e-01 5.649999999999999641e-04
7.585819999999999785e-01 1.302999999999999905e-03
7.693280000000000118e-01 2.021999999999999926e-03
7.814780000000000060e-01 2.755000000000000070e-03
7.918669999999999876e-01 3.311999999999999840e-03
8.014010000000000300e-01 3.768000000000000082e-03
8.114160000000000261e-01 4.197000000000000210e-03
8.206050000000000288e-01 4.549000000000000092e-03
8.302289999999999948e-01 4.879999999999999789e-03
8.390440000000000120e-01 5.147999999999999798e-03
8.482610000000000428e-01 5.394000000000000357e-03
8.585679999999999978e-01 5.623999999999999659e-03
8.673469999999999791e-01 5.780999999999999681e-03
8.752459999999999685e-01 5.889000000000000137e-03
8.835800000000000320e-01 5.965999999999999949e-03
8.910219999999999807e-01 5.996999999999999727e-03
8.988960000000000283e-01 5.988000000000000267e-03
9.072750000000000536e-01 5.911999999999999721e-03
9.148220000000000240e-01 5.784000000000000079e-03
9.210409999999999986e-01 5.642999999999999579e-03
9.280709999999999793e-01 5.440000000000000391e-03
9.337910000000000377e-01 5.237999999999999601e-03
9.405120000000000147e-01 4.956000000000000336e-03
9.466250000000000497e-01 4.653000000000000018e-03
9.517160000000000064e-01 4.366000000000000089e-03
9.571450000000000236e-01 4.021000000000000268e-03
9.627130000000000409e-01 3.625000000000000184e-03
9.674779999999999491e-01 3.249999999999999851e-03
9.714669999999999694e-01 2.909999999999999826e-03
9.756439999999999557e-01 2.527999999999999865e-03
9.798200000000000243e-01 2.119999999999999923e-03
9.833790000000000031e-01 1.750999999999999952e-03
9.867489999999999872e-01 1.384999999999999946e-03
9.896770000000000289e-01 1.052999999999999900e-03
9.922130000000000116e-01 7.550000000000000287e-04
9.948939999999999451e-01 4.299999999999999894e-04
9.968939999999999468e-01 1.800000000000000113e-04
9.985889999999999489e-01 -3.600000000000000091e-05
1.000000000000000000e+00 -2.200000000000000078e-04
1.000000000000000000e+00 5.899999999999999754e-05
