1.000000000000000000e+00 -4.399999999999999886e-05
1.000000000000000000e+00 4.270000000000000249e-04
9.986150000000000304e-01 6.790000000000000245e-04
9.969519999999999493e-01 9.719999999999999907e-04
9.946540000000000381e-01 1.360000000000000098e-03
9.923549999999999871e-01 1.732000000000000033e-03
9.898639999999999661e-01 2.122000000000000188e-03
9.869879999999999765e-01 2.556999999999999811e-03
9.836770000000000236e-01 3.040999999999999866e-03
9.801809999999999690e-01 3.539000000000000045e-03
9.760760000000000547e-01 4.108999999999999805e-03
9.719710000000000294e-01 4.667000000000000141e-03
9.671419999999999462e-01 5.313000000000000014e-03
9.623819999999999597e-01 5.943999999999999631e-03
9.578870000000000440e-01 6.536000000000000143e-03
9.522699999999999498e-01 7.276999999999999615e-03
9.464190000000000103e-01 8.052000000000000129e-03
9.399690000000000545e-01 8.916000000000000314e-03
9.348929999999999740e-01 9.603999999999999690e-03
9.278170000000000028e-01 1.058100000000000013e-02
9.210129999999999706e-01 1.153900000000000065e-02
9.146349999999999758e-01 1.245899999999999959e-02
9.073329999999999451e-01 1.353799999999999969e-02
8.987960000000000393e-01 1.485200000000000062e-02
8.909920000000000062e-01 1.611200000000000132e-02
8.835450000000000248e-01 1.735499999999999890e-02
8.752760000000000540e-01 1.878200000000000008e-02
8.673659999999999703e-01 2.019200000000000161e-02
8.586460000000000203e-01 2.179800000000000140e-02
8.483349999999999502e-01 2.376299999999999940e-02
8.391659999999999675e-01 2.556599999999999845e-02
8.303239999999999510e-01 2.734100000000000072e-02
8.207370000000000498e-01 2.929299999999999959e-02
8.115090000000000359e-01 3.117100000000000079e-02
8.015200000000000102e-01 3.316999999999999810e-02
7.899629999999999708e-01 3.537099999999999966e-02
7.793280000000000207e-01 3.721800000000000108e-02
7.696020000000000083e-01 3.873499999999999860e-02
7.585960000000000480e-01 4.025800000000000212e-02
7.485779999999999657e-01 4.146999999999999992e-02
7.372220000000000439e-01 4.265800000000000147e-02
7.269440000000000346e-01 4.357500000000000262e-02
7.147639999999999549e-01 4.449499999999999983e-02
7.024939999999999518e-01 4.527500000000000274e-02
6.920490000000000252e-01 4.585700000000000193e-02
6.797309999999999741e-01 4.649400000000000061e-02
6.691099999999999826e-01 4.703999999999999848e-02
6.565250000000000252e-01 4.773000000000000159e-02
6.431099999999999595e-01 4.852299999999999669e-02
6.329329999999999679e-01 4.916299999999999837e-02
6.193670000000000009e-01 5.005500000000000227e-02
6.065199999999999481e-01 5.093600000000000211e-02
5.953340000000000298e-01 5.172399999999999914e-02
5.822899999999999743e-01 5.266099999999999948e-02
5.710690000000000488e-01 5.347699999999999676e-02
5.578619999999999690e-01 5.444199999999999734e-02
5.466360000000000108e-01 5.526199999999999862e-02
5.333020000000000538e-01 5.621899999999999814e-02
5.193489999999999496e-01 5.718199999999999672e-02
5.086730000000000418e-01 5.787599999999999689e-02
4.947630000000000083e-01 5.870500000000000024e-02
4.813160000000000216e-01 5.940399999999999847e-02
4.702009999999999801e-01 5.989400000000000279e-02
4.567519999999999913e-01 6.035800000000000193e-02
4.457220000000000071e-01 6.062300000000000327e-02
4.323159999999999781e-01 6.078800000000000175e-02
4.186920000000000086e-01 6.079799999999999788e-02
4.080619999999999803e-01 6.070600000000000301e-02
3.945810000000000151e-01 6.048200000000000104e-02
3.840459999999999985e-01 6.023400000000000282e-02
3.707289999999999752e-01 5.984300000000000036e-02
3.576920000000000099e-01 5.939200000000000035e-02
3.471910000000000274e-01 5.899000000000000077e-02
3.343470000000000053e-01 5.846400000000000208e-02
3.215120000000000200e-01 5.791000000000000314e-02
3.114029999999999854e-01 5.745600000000000013e-02
2.988179999999999725e-01 5.686700000000000088e-02
2.889129999999999754e-01 5.638499999999999762e-02
2.766089999999999938e-01 5.575999999999999707e-02
2.644980000000000109e-01 5.511300000000000227e-02
2.549379999999999979e-01 5.457800000000000151e-02
2.431419999999999970e-01 5.388500000000000234e-02
2.315859999999999863e-01 5.316599999999999798e-02
2.223100000000000076e-01 5.255699999999999955e-02
2.112219999999999931e-01 5.179099999999999676e-02
2.022440000000000071e-01 5.113499999999999990e-02
1.915530000000000010e-01 5.030799999999999855e-02
1.808299999999999907e-01 4.942200000000000065e-02
1.726300000000000057e-01 4.870200000000000223e-02
1.623370000000000091e-01 4.773999999999999772e-02
1.544959999999999944e-01 4.696000000000000174e-02
1.446570000000000078e-01 4.592000000000000248e-02
1.353449999999999931e-01 4.486699999999999716e-02
1.278330000000000022e-01 4.396699999999999914e-02
1.190179999999999988e-01 4.284700000000000314e-02
1.102280000000000065e-01 4.165699999999999958e-02
1.036090000000000066e-01 4.071000000000000313e-02
9.534399999999999820e-02 3.945599999999999802e-02
8.915399999999999714e-02 3.846299999999999719e-02
8.143499999999999350e-02 3.714900000000000146e-02
7.423100000000000531e-02 3.584199999999999886e-02
6.853199999999999570e-02 3.474300000000000305e-02
6.189900000000000263e-02 3.338499999999999801e-02
5.666600000000000109e-02 3.224199999999999983e-02
5.061700000000000227e-02 3.083400000000000030e-02
4.475599999999999717e-02 2.935799999999999868e-02
4.041100000000000247e-02 2.818500000000000172e-02
3.516600000000000281e-02 2.665100000000000108e-02
3.032800000000000079e-02 2.510199999999999931e-02
2.669300000000000145e-02 2.382300000000000043e-02
2.247100000000000139e-02 2.218799999999999939e-02
1.935699999999999921e-02 2.084000000000000088e-02
1.576100000000000070e-02 1.909800000000000039e-02
1.257899999999999990e-02 1.731500000000000053e-02
1.022099999999999918e-02 1.579900000000000054e-02
7.697999999999999982e-03 1.390199999999999943e-02
5.866999999999999819e-03 1.227899999999999998e-02
4.000000000000000083e-03 1.026999999999999962e-02
2.413999999999999913e-03 8.090999999999999234e-03
1.495000000000000018e-03 6.439000000000000279e-03
6.030000000000000204e-04 4.189000000000000015e-03
1.279999999999999942e-04 2.000000000000000042e-03
-0.000000000000000000e+00 1.939999999999999993e-04
1.289999999999999914e-04 -1.611000000000000019e-03
6.040000000000000447e-04 -3.798000000000000161e-03
1.495000000000000018e-03 -6.046000000000000159e-03
2.410999999999999949e-03 -7.697999999999999982e-03
3.989000000000000358e-03 -9.880999999999999159e-03
5.845000000000000369e-03 -1.190100000000000012e-02
7.662000000000000408e-03 -1.353999999999999995e-02
1.016700000000000069e-02 -1.546400000000000031e-02
1.250700000000000076e-02 -1.701099999999999834e-02
1.566400000000000084e-02 -1.883800000000000058e-02
1.923199999999999910e-02 -2.063600000000000156e-02
2.232500000000000109e-02 -2.203099999999999850e-02
2.652099999999999944e-02 -2.372700000000000156e-02
3.110900000000000123e-02 -2.539100000000000038e-02
3.495299999999999796e-02 -2.665899999999999867e-02
4.018000000000000044e-02 -2.824399999999999827e-02
4.451299999999999701e-02 -2.945300000000000001e-02
5.036299999999999805e-02 -3.096900000000000000e-02
5.640400000000000275e-02 -3.241200000000000331e-02
6.163099999999999828e-02 -3.358300000000000174e-02
6.826100000000000223e-02 -3.497700000000000115e-02
7.541399999999999493e-02 -3.638999999999999874e-02
8.115899999999999503e-02 -3.746399999999999730e-02
8.887799999999999867e-02 -3.883799999999999752e-02
9.506799999999999973e-02 -3.988900000000000085e-02
1.033319999999999933e-01 -4.123299999999999882e-02
1.116309999999999941e-01 -4.252100000000000324e-02
1.187420000000000003e-01 -4.358100000000000168e-02
1.275580000000000047e-01 -4.484400000000000192e-02
1.350699999999999956e-01 -4.587999999999999717e-02
1.443820000000000103e-01 -4.711100000000000010e-02
1.542209999999999970e-01 -4.835500000000000215e-02
1.620610000000000106e-01 -4.930099999999999760e-02
1.723530000000000062e-01 -5.047999999999999710e-02
1.826180000000000025e-01 -5.157599999999999685e-02
1.912739999999999996e-01 -5.242800000000000238e-02
2.019630000000000036e-01 -5.337299999999999683e-02
2.109389999999999876e-01 -5.405800000000000188e-02
2.221200000000000119e-01 -5.475000000000000006e-02
2.335710000000000008e-01 -5.528199999999999781e-02
2.428530000000000133e-01 -5.559200000000000252e-02
2.546470000000000122e-01 -5.584999999999999687e-02
2.642039999999999944e-01 -5.596399999999999986e-02
2.763120000000000021e-01 -5.601699999999999735e-02
2.886139999999999817e-01 -5.600299999999999723e-02
2.985169999999999768e-01 -5.597699999999999898e-02
3.111010000000000164e-01 -5.596299999999999886e-02
3.237180000000000057e-01 -5.603000000000000341e-02
3.340420000000000056e-01 -5.618100000000000177e-02
3.468829999999999969e-01 -5.651899999999999979e-02
3.573810000000000042e-01 -5.688900000000000207e-02
3.704120000000000190e-01 -5.742099999999999982e-02
3.837189999999999768e-01 -5.799100000000000088e-02
3.942410000000000081e-01 -5.842300000000000271e-02
4.077020000000000088e-01 -5.890399999999999803e-02
4.209959999999999813e-01 -5.924800000000000205e-02
4.318980000000000041e-01 -5.939799999999999941e-02
4.452599999999999891e-01 -5.937100000000000016e-02
4.562470000000000137e-01 -5.915600000000000025e-02
4.696339999999999959e-01 -5.868099999999999705e-02
4.834019999999999984e-01 -5.800500000000000100e-02
4.940599999999999992e-01 -5.737699999999999745e-02
5.078799999999999981e-01 -5.648299999999999849e-02
5.212059999999999471e-01 -5.557200000000000334e-02
5.323320000000000274e-01 -5.481799999999999867e-02
5.455640000000000489e-01 -5.396200000000000302e-02
5.567020000000000302e-01 -5.331299999999999928e-02
5.698039999999999772e-01 -5.264499999999999735e-02
5.834570000000000034e-01 -5.202099999999999780e-02
5.938750000000000417e-01 -5.155699999999999866e-02
6.074509999999999632e-01 -5.092399999999999705e-02
6.203840000000000465e-01 -5.023899999999999894e-02
6.311890000000000001e-01 -4.957000000000000295e-02
6.441249999999999476e-01 -4.860899999999999943e-02
6.569869999999999877e-01 -4.743499999999999800e-02
6.677840000000000442e-01 -4.624500000000000138e-02
6.799929999999999586e-01 -4.465399999999999925e-02
6.906390000000000029e-01 -4.307300000000000018e-02
7.025780000000000358e-01 -4.111800000000000177e-02
7.154690000000000216e-01 -3.883600000000000246e-02
7.268700000000000161e-01 -3.670600000000000251e-02
7.373060000000000169e-01 -3.469900000000000068e-02
7.483880000000000532e-01 -3.253500000000000142e-02
7.585819999999999785e-01 -3.054000000000000117e-02
7.693280000000000118e-01 -2.845500000000000113e-02
7.814780000000000060e-01 -2.614500000000000157e-02
7.918669999999999876e-01 -2.423000000000000154e-02
8.014010000000000300e-01 -2.252699999999999841e-02
8.114160000000000261e-01 -2.079100000000000045e-02
8.206050000000000288e-01 -1.924299999999999969e-02
8.302289999999999948e-01 -1.766799999999999968e-02
8.390440000000000120e-01 -1.626899999999999874e-02
8.482610000000000428e-01 -1.484899999999999935e-02
8.585679999999999978e-01 -1.331899999999999924e-02
8.673469999999999791e-01 -1.206400000000000007e-02
8.752459999999999685e-01 -1.097500000000000038e-02
8.835800000000000320e-01 -9.868999999999999301e-03
8.910219999999999807e-01 -8.921000000000000110e-03
8.988960000000000283e-01 -7.962000000000000327e-03
9.072750000000000536e-01 -7.008000000000000340e-03
9.148220000000000240e-01 -6.204999999999999578e-03
9.210409999999999986e-01 -5.571999999999999696e-03
9.280709999999999793e-01 -4.893999999999999913e-03
9.337910000000000377e-01 -4.369999999999999753e-03
9.405120000000000147e-01 -3.788000000000000134e-03
9.466250000000000497e-01 -3.292999999999999920e-03
9.517160000000000064e-01 -2.906000000000000163e-03
9.571450000000000236e-01 -2.520000000000000104e-03
9.627130000000000409e-01 -2.154000000000000099e-03
9.674779999999999491e-01 -1.866999999999999953e-03
9.714669999999999694e-01 -1.642999999999999929e-03
9.756439999999999557e-01 -1.428000000000000016e-03
9.798200000000000243e-01 -1.229000000000000058e-03
9.833790000000000031e-01 -1.074000000000000085e-03
9.867489999999999872e-01 -9.380000000000000317e-04
9.896770000000000289e-01 -8.300000000000000086e-04
9.922130000000000116e-01 -7.420000000000000380e-04
9.948939999999999451e-01 -6.560000000000000076e-04
9.968939999999999468e-01 -5.969999999999999829e-04
9.985889999999999489e-01 -5.509999999999999490e-04
1.000000000000000000e+00 -5.140000000000000254e-04
1.000000000000000000e+00 -4.399999999999999886e-05
