1.000000000000000000e+00 -2.199999999999999943e-05
1.000000000000000000e+00 4.470000000000000232e-04
9.986150000000000304e-01 7.320000000000000118e-04
9.969519999999999493e-01 1.064999999999999974e-03
9.946540000000000381e-01 1.512000000000000106e-03
9.923549999999999871e-01 1.946999999999999946e-03
9.898639999999999661e-01 2.406000000000000152e-03
9.869879999999999765e-01 2.922999999999999817e-03
9.836770000000000236e-01 3.504999999999999869e-03
9.801809999999999690e-01 4.107000000000000407e-03
9.760760000000000547e-01 4.799999999999999580e-03
9.719710000000000294e-01 5.480999999999999761e-03
9.671419999999999462e-01 6.270999999999999665e-03
9.623819999999999597e-01 7.041000000000000383e-03
9.578870000000000440e-01 7.760999999999999670e-03
9.522699999999999498e-01 8.656000000000000499e-03
9.464190000000000103e-01 9.586000000000000770e-03
9.399690000000000545e-01 1.060999999999999964e-02
9.348929999999999740e-01 1.141799999999999933e-02
9.278170000000000028e-01 1.254700000000000086e-02
9.210129999999999706e-01 1.363800000000000082e-02
9.146349999999999758e-01 1.466800000000000048e-02
9.073329999999999451e-01 1.585500000000000104e-02
8.987960000000000393e-01 1.727199999999999916e-02
8.909920000000000062e-01 1.860200000000000048e-02
8.835450000000000248e-01 1.988900000000000043e-02
8.752760000000000540e-01 2.133699999999999833e-02
8.673659999999999703e-01 2.273800000000000127e-02
8.586460000000000203e-01 2.429999999999999868e-02
8.483349999999999502e-01 2.616599999999999829e-02
8.391659999999999675e-01 2.783700000000000063e-02
8.303239999999999510e-01 2.944599999999999995e-02
8.207370000000000498e-01 3.117599999999999885e-02
8.115090000000000359e-01 3.280299999999999883e-02
8.015200000000000102e-01 3.449399999999999689e-02
7.899629999999999708e-01 3.630499999999999700e-02
7.793280000000000207e-01 3.778100000000000208e-02
7.696020000000000083e-01 3.895499999999999657e-02
7.585960000000000480e-01 4.008899999999999963e-02
7.485779999999999657e-01 4.095499999999999835e-02
7.372220000000000439e-01 4.176400000000000251e-02
7.269440000000000346e-01 4.235799999999999982e-02
7.147639999999999549e-01 4.293000000000000288e-02
7.024939999999999518e-01 4.341099999999999820e-02
6.920490000000000252e-01 4.378900000000000153e-02
6.797309999999999741e-01 4.425799999999999873e-02
6.691099999999999826e-01 4.473200000000000093e-02
6.565250000000000252e-01 4.543200000000000016e-02
6.431099999999999595e-01 4.635500000000000037e-02
6.329329999999999679e-01 4.717199999999999865e-02
6.193670000000000009e-01 4.840499999999999664e-02
6.065199999999999481e-01 4.971799999999999831e-02
5.953340000000000298e-01 5.096500000000000336e-02
5.822899999999999743e-01 5.253499999999999837e-02
5.710690000000000488e-01 5.397600000000000314e-02
5.578619999999999690e-01 5.577200000000000213e-02
5.466360000000000108e-01 5.737400000000000139e-02
5.333020000000000538e-01 5.931800000000000267e-02
5.193489999999999496e-01 6.132300000000000251e-02
5.086730000000000418e-01 6.278300000000000547e-02
4.947630000000000083e-01 6.452199999999999602e-02
4.813160000000000216e-01 6.595199999999999674e-02
4.702009999999999801e-01 6.689499999999999613e-02
4.567519999999999913e-01 6.767900000000000305e-02
4.457220000000000071e-01 6.798300000000000176e-02
4.323159999999999781e-01 6.789299999999999502e-02
4.186920000000000086e-01 6.732699999999999796e-02
4.080619999999999803e-01 6.659800000000000442e-02
3.945810000000000151e-01 6.537199999999999955e-02
3.840459999999999985e-01 6.421699999999999631e-02
3.707289999999999752e-01 6.256399999999999462e-02
3.576920000000000099e-01 6.079500000000000182e-02
3.471910000000000274e-01 5.930200000000000055e-02
3.343470000000000053e-01 5.744099999999999900e-02
3.215120000000000200e-01 5.559599999999999959e-02
3.114029999999999854e-01 5.418699999999999906e-02
2.988179999999999725e-01 5.252699999999999730e-02
2.889129999999999754e-01 5.131700000000000150e-02
2.766089999999999938e-01 4.995900000000000341e-02
2.644980000000000109e-01 4.879700000000000010e-02
2.549379999999999979e-01 4.800999999999999712e-02
2.431419999999999970e-01 4.719999999999999890e-02
2.315859999999999863e-01 4.658000000000000335e-02
2.223100000000000076e-01 4.620200000000000001e-02
2.112219999999999931e-01 4.588400000000000117e-02
2.022440000000000071e-01 4.571599999999999969e-02
1.915530000000000010e-01 4.556400000000000033e-02
1.808299999999999907e-01 4.540500000000000091e-02
1.726300000000000057e-01 4.524899999999999756e-02
1.623370000000000091e-01 4.497899999999999815e-02
1.544959999999999944e-01 4.470400000000000068e-02
1.446570000000000078e-01 4.425699999999999773e-02
1.353449999999999931e-01 4.372000000000000192e-02
1.278330000000000022e-01 4.319699999999999929e-02
1.190179999999999988e-01 4.247599999999999987e-02
1.102280000000000065e-01 4.163200000000000234e-02
1.036090000000000066e-01 4.091000000000000192e-02
9.534399999999999820e-02 3.989399999999999891e-02
8.915399999999999714e-02 3.904699999999999838e-02
8.143499999999999350e-02 3.787700000000000095e-02
7.423100000000000531e-02 3.666300000000000114e-02
6.853199999999999570e-02 3.561000000000000276e-02
6.189900000000000263e-02 3.427299999999999791e-02
5.666600000000000109e-02 3.312199999999999867e-02
5.061700000000000227e-02 3.167799999999999783e-02
4.475599999999999717e-02 3.014000000000000012e-02
4.041100000000000247e-02 2.890399999999999914e-02
3.516600000000000281e-02 2.727500000000000063e-02
3.032800000000000079e-02 2.562100000000000141e-02
2.669300000000000145e-02 2.425300000000000025e-02
2.247100000000000139e-02 2.250699999999999923e-02
1.935699999999999921e-02 2.107300000000000145e-02
1.576100000000000070e-02 1.923100000000000157e-02
1.257899999999999990e-02 1.736199999999999896e-02
1.022099999999999918e-02 1.578600000000000142e-02
7.697999999999999982e-03 1.383500000000000008e-02
5.866999999999999819e-03 1.218100000000000085e-02
4.000000000000000083e-03 1.015399999999999983e-02
2.413999999999999913e-03 7.974999999999999450e-03
1.495000000000000018e-03 6.333000000000000088e-03
6.030000000000000204e-04 4.105000000000000142e-03
1.279999999999999942e-04 1.936999999999999920e-03
-0.000000000000000000e+00 1.440000000000000036e-04
1.289999999999999914e-04 -1.657999999999999969e-03
6.040000000000000447e-04 -3.863000000000000114e-03
1.495000000000000018e-03 -6.164000000000000208e-03
2.410999999999999949e-03 -7.882000000000000117e-03
3.989000000000000358e-03 -1.019800000000000047e-02
5.845000000000000369e-03 -1.239099999999999924e-02
7.662000000000000408e-03 -1.421299999999999994e-02
1.016700000000000069e-02 -1.640199999999999991e-02
1.250700000000000076e-02 -1.820499999999999896e-02
1.566400000000000084e-02 -2.038500000000000034e-02
1.923199999999999910e-02 -2.258399999999999991e-02
2.232500000000000109e-02 -2.432399999999999840e-02
2.652099999999999944e-02 -2.648100000000000107e-02
3.110900000000000123e-02 -2.863500000000000073e-02
3.495299999999999796e-02 -3.029899999999999954e-02
4.018000000000000044e-02 -3.239999999999999825e-02
4.451299999999999701e-02 -3.401300000000000157e-02
5.036299999999999805e-02 -3.604199999999999765e-02
5.640400000000000275e-02 -3.797400000000000081e-02
6.163099999999999828e-02 -3.953299999999999870e-02
6.826100000000000223e-02 -4.137099999999999805e-02
7.541399999999999493e-02 -4.320500000000000035e-02
8.115899999999999503e-02 -4.456999999999999851e-02
8.887799999999999867e-02 -4.627300000000000163e-02
9.506799999999999973e-02 -4.753299999999999886e-02
1.033319999999999933e-01 -4.908200000000000063e-02
1.116309999999999941e-01 -5.048699999999999716e-02
1.187420000000000003e-01 -5.157599999999999685e-02
1.275580000000000047e-01 -5.278200000000000253e-02
1.350699999999999956e-01 -5.368599999999999761e-02
1.443820000000000103e-01 -5.464800000000000213e-02
1.542209999999999970e-01 -5.547900000000000054e-02
1.620610000000000106e-01 -5.600399999999999823e-02
1.723530000000000062e-01 -5.651199999999999973e-02
1.826180000000000025e-01 -5.682000000000000245e-02
1.912739999999999996e-01 -5.693299999999999750e-02
2.019630000000000036e-01 -5.690900000000000125e-02
2.109389999999999876e-01 -5.677299999999999708e-02
2.221200000000000119e-01 -5.650000000000000161e-02
2.335710000000000008e-01 -5.612799999999999734e-02
2.428530000000000133e-01 -5.576899999999999913e-02
2.546470000000000122e-01 -5.525700000000000056e-02
2.642039999999999944e-01 -5.481199999999999961e-02
2.763120000000000021e-01 -5.423399999999999749e-02
2.886139999999999817e-01 -5.365400000000000030e-02
2.985169999999999768e-01 -5.321700000000000041e-02
3.111010000000000164e-01 -5.272400000000000003e-02
3.237180000000000057e-01 -5.233399999999999858e-02
3.340420000000000056e-01 -5.210900000000000254e-02
3.468829999999999969e-01 -5.196400000000000324e-02
3.573810000000000042e-01 -5.193600000000000300e-02
3.704120000000000190e-01 -5.198900000000000049e-02
3.837189999999999768e-01 -5.210900000000000254e-02
3.942410000000000081e-01 -5.222999999999999865e-02
4.077020000000000088e-01 -5.238899999999999807e-02
4.209959999999999813e-01 -5.252300000000000024e-02
4.318980000000000041e-01 -5.259500000000000286e-02
4.452599999999999891e-01 -5.261199999999999904e-02
4.562470000000000137e-01 -5.255800000000000055e-02
4.696339999999999959e-01 -5.241200000000000025e-02
4.834019999999999984e-01 -5.219399999999999734e-02
4.940599999999999992e-01 -5.198599999999999749e-02
5.078799999999999981e-01 -5.169100000000000084e-02
5.212059999999999471e-01 -5.138899999999999718e-02
5.323320000000000274e-01 -5.114400000000000196e-02
5.455640000000000489e-01 -5.086899999999999755e-02
5.567020000000000302e-01 -5.066699999999999676e-02
5.698039999999999772e-01 -5.045800000000000285e-02
5.834570000000000034e-01 -5.024100000000000094e-02
5.938750000000000417e-01 -5.004200000000000315e-02
6.074509999999999632e-01 -4.970200000000000312e-02
6.203840000000000465e-01 -4.924699999999999911e-02
6.311890000000000001e-01 -4.873899999999999760e-02
6.441249999999999476e-01 -4.793700000000000044e-02
6.569869999999999877e-01 -4.689299999999999718e-02
6.677840000000000442e-01 -4.579400000000000137e-02
6.799929999999999586e-01 -4.429000000000000298e-02
6.906390000000000029e-01 -4.277000000000000246e-02
7.025780000000000358e-01 -4.086900000000000255e-02
7.154690000000000216e-01 -3.862800000000000261e-02
7.268700000000000161e-01 -3.652099999999999791e-02
7.373060000000000169e-01 -3.452399999999999913e-02
7.483880000000000532e-01 -3.235899999999999888e-02
7.585819999999999785e-01 -3.035399999999999904e-02
7.693280000000000118e-01 -2.824899999999999980e-02
7.814780000000000060e-01 -2.590599999999999847e-02
7.918669999999999876e-01 -2.395299999999999860e-02
8.014010000000000300e-01 -2.221100000000000158e-02
8.114160000000000261e-01 -2.042800000000000171e-02
8.206050000000000288e-01 -1.883599999999999858e-02
8.302289999999999948e-01 -1.721200000000000160e-02
8.390440000000000120e-01 -1.576699999999999977e-02
8.482610000000000428e-01 -1.430000000000000021e-02
8.585679999999999978e-01 -1.271800000000000014e-02
8.673469999999999791e-01 -1.142100000000000060e-02
8.752459999999999685e-01 -1.029700000000000060e-02
8.835800000000000320e-01 -9.155999999999999209e-03
8.910219999999999807e-01 -8.182000000000000037e-03
8.988960000000000283e-01 -7.198999999999999670e-03
9.072750000000000536e-01 -6.229000000000000162e-03
9.148220000000000240e-01 -5.419000000000000206e-03
9.210409999999999986e-01 -4.786999999999999589e-03
9.280709999999999793e-01 -4.115999999999999867e-03
9.337910000000000377e-01 -3.605000000000000131e-03
9.405120000000000147e-01 -3.046999999999999795e-03
9.466250000000000497e-01 -2.580999999999999961e-03
9.517160000000000064e-01 -2.224999999999999981e-03
9.571450000000000236e-01 -1.879999999999999944e-03
9.627130000000000409e-01 -1.562999999999999936e-03
9.674779999999999491e-01 -1.325999999999999922e-03
9.714669999999999694e-01 -1.147999999999999932e-03
9.756439999999999557e-01 -9.870000000000000301e-04
9.798200000000000243e-01 -8.469999999999999881e-04
9.833790000000000031e-01 -7.460000000000000268e-04
9.867489999999999872e-01 -6.650000000000000095e-04
9.896770000000000289e-01 -6.080000000000000335e-04
9.922130000000000116e-01 -5.659999999999999884e-04
9.948939999999999451e-01 -5.310000000000000050e-04
9.968939999999999468e-01 -5.109999999999999525e-04
9.985889999999999489e-01 -4.989999999999999861e-04
1.000000000000000000e+00 -4.910000000000000085e-04
1.000000000000000000e+00 -2.199999999999999943e-05
