1.000000000000000000e+00 5.300000000000000078e-05
1.000000000000000000e+00 2.590000000000000071e-04
9.986150000000000304e-01 6.049999999999999606e-04
9.969519999999999493e-01 1.021999999999999905e-03
9.946540000000000381e-01 1.600999999999999993e-03
9.923549999999999871e-01 2.183000000000000045e-03
9.898639999999999661e-01 2.814000000000000095e-03
9.869879999999999765e-01 3.543999999999999841e-03
9.836770000000000236e-01 4.383999999999999876e-03
9.801809999999999690e-01 5.266999999999999980e-03
9.760760000000000547e-01 6.296000000000000381e-03
9.719710000000000294e-01 7.315999999999999587e-03
9.671419999999999462e-01 8.498999999999999611e-03
9.623819999999999597e-01 9.646999999999999326e-03
9.578870000000000440e-01 1.071100000000000003e-02
9.522699999999999498e-01 1.201400000000000037e-02
9.464190000000000103e-01 1.333600000000000063e-02
9.399690000000000545e-01 1.474999999999999922e-02
9.348929999999999740e-01 1.582899999999999932e-02
9.278170000000000028e-01 1.728299999999999975e-02
9.210129999999999706e-01 1.862400000000000166e-02
9.146349999999999758e-01 1.982899999999999940e-02
9.073329999999999451e-01 2.114500000000000060e-02
8.987960000000000393e-01 2.260799999999999962e-02
8.909920000000000062e-01 2.387699999999999892e-02
8.835450000000000248e-01 2.501899999999999957e-02
8.752760000000000540e-01 2.620799999999999866e-02
8.673659999999999703e-01 2.727100000000000010e-02
8.586460000000000203e-01 2.836400000000000032e-02
8.483349999999999502e-01 2.956299999999999900e-02
8.391659999999999675e-01 3.056299999999999989e-02
8.303239999999999510e-01 3.148900000000000310e-02
8.207370000000000498e-01 3.248499999999999999e-02
8.115090000000000359e-01 3.347599999999999881e-02
8.015200000000000102e-01 3.464699999999999724e-02
7.899629999999999708e-01 3.623200000000000032e-02
7.793280000000000207e-01 3.801500000000000018e-02
7.696020000000000083e-01 3.993700000000000028e-02
7.585960000000000480e-01 4.241600000000000231e-02
7.485779999999999657e-01 4.491400000000000253e-02
7.372220000000000439e-01 4.796000000000000263e-02
7.269440000000000346e-01 5.084299999999999931e-02
7.147639999999999549e-01 5.430600000000000011e-02
7.024939999999999518e-01 5.769799999999999929e-02
6.920490000000000252e-01 6.038000000000000311e-02
6.797309999999999741e-01 6.313499999999999668e-02
6.691099999999999826e-01 6.501300000000000134e-02
6.565250000000000252e-01 6.650399999999999368e-02
6.431099999999999595e-01 6.730300000000000171e-02
6.329329999999999679e-01 6.748600000000000432e-02
6.193670000000000009e-01 6.732799999999999896e-02
6.065199999999999481e-01 6.692900000000000238e-02
5.953340000000000298e-01 6.652500000000000080e-02
5.822899999999999743e-01 6.615200000000000247e-02
5.710690000000000488e-01 6.605300000000000060e-02
5.578619999999999690e-01 6.636699999999999544e-02
5.466360000000000108e-01 6.712600000000000511e-02
5.333020000000000538e-01 6.858499999999999319e-02
5.193489999999999496e-01 7.063500000000000334e-02
5.086730000000000418e-01 7.247299999999999576e-02
4.947630000000000083e-01 7.510300000000000309e-02
4.813160000000000216e-01 7.777299999999999491e-02
4.702009999999999801e-01 7.998199999999999754e-02
4.567519999999999913e-01 8.254400000000000626e-02
4.457220000000000071e-01 8.447100000000000442e-02
4.323159999999999781e-01 8.650499999999999856e-02
4.186920000000000086e-01 8.821800000000000475e-02
4.080619999999999803e-01 8.931699999999999362e-02
3.945810000000000151e-01 9.042300000000000337e-02
3.840459999999999985e-01 9.107300000000000118e-02
3.707289999999999752e-01 9.163599999999999524e-02
3.576920000000000099e-01 9.192200000000000371e-02
3.471910000000000274e-01 9.196899999999999520e-02
3.343470000000000053e-01 9.181799999999999684e-02
3.215120000000000200e-01 9.144800000000000151e-02
3.114029999999999854e-01 9.100900000000000656e-02
2.988179999999999725e-01 9.028899999999999426e-02
2.889129999999999754e-01 8.959200000000000497e-02
2.766089999999999938e-01 8.857800000000000396e-02
2.644980000000000109e-01 8.742600000000000371e-02
2.549379999999999979e-01 8.641400000000000470e-02
2.431419999999999970e-01 8.504599999999999660e-02
2.315859999999999863e-01 8.358100000000000251e-02
2.223100000000000076e-01 8.231900000000000328e-02
2.112219999999999931e-01 8.071100000000000496e-02
2.022440000000000071e-01 7.932899999999999674e-02
1.915530000000000010e-01 7.758800000000000419e-02
1.808299999999999907e-01 7.573499999999999677e-02
1.726300000000000057e-01 7.424500000000000544e-02
1.623370000000000091e-01 7.228300000000000003e-02
1.544959999999999944e-01 7.071700000000000208e-02
1.446570000000000078e-01 6.866300000000000181e-02
1.353449999999999931e-01 6.662300000000000166e-02
1.278330000000000022e-01 6.490500000000000436e-02
1.190179999999999988e-01 6.280399999999999872e-02
1.102280000000000065e-01 6.060800000000000215e-02
1.036090000000000066e-01 5.888299999999999784e-02
9.534399999999999820e-02 5.663200000000000178e-02
8.915399999999999714e-02 5.487199999999999717e-02
8.143499999999999350e-02 5.257400000000000267e-02
7.423100000000000531e-02 5.031900000000000261e-02
6.853199999999999570e-02 4.844500000000000195e-02
6.189900000000000263e-02 4.615799999999999764e-02
5.666600000000000109e-02 4.425699999999999773e-02
5.061700000000000227e-02 4.194500000000000312e-02
4.475599999999999717e-02 3.955899999999999694e-02
4.041100000000000247e-02 3.769000000000000128e-02
3.516600000000000281e-02 3.528499999999999692e-02
3.032800000000000079e-02 3.289999999999999869e-02
2.669300000000000145e-02 3.096900000000000000e-02
2.247100000000000139e-02 2.854900000000000146e-02
1.935699999999999921e-02 2.659800000000000011e-02
1.576100000000000070e-02 2.413099999999999967e-02
1.257899999999999990e-02 2.167099999999999929e-02
1.022099999999999918e-02 1.962799999999999961e-02
7.697999999999999982e-03 1.713100000000000039e-02
5.866999999999999819e-03 1.503999999999999955e-02
4.000000000000000083e-03 1.250700000000000076e-02
2.413999999999999913e-03 9.816000000000000072e-03
1.495000000000000018e-03 7.806999999999999704e-03
6.030000000000000204e-04 5.104000000000000030e-03
1.279999999999999942e-04 2.497000000000000088e-03
-0.000000000000000000e+00 3.550000000000000096e-04
1.289999999999999914e-04 -1.786000000000000044e-03
6.040000000000000447e-04 -4.392000000000000071e-03
1.495000000000000018e-03 -7.095999999999999877e-03
2.410999999999999949e-03 -9.107999999999999777e-03
3.989000000000000358e-03 -1.180999999999999932e-02
5.845000000000000369e-03 -1.435900000000000024e-02
7.662000000000000408e-03 -1.647200000000000053e-02
1.016700000000000069e-02 -1.900200000000000153e-02
1.250700000000000076e-02 -2.108200000000000005e-02
1.566400000000000084e-02 -2.359100000000000086e-02
1.923199999999999910e-02 -2.611499999999999932e-02
2.232500000000000109e-02 -2.810800000000000104e-02
2.652099999999999944e-02 -3.057299999999999948e-02
3.110900000000000123e-02 -3.302800000000000180e-02
3.495299999999999796e-02 -3.491999999999999965e-02
4.018000000000000044e-02 -3.730100000000000082e-02
4.451299999999999701e-02 -3.912500000000000006e-02
5.036299999999999805e-02 -4.141100000000000336e-02
5.640400000000000275e-02 -4.358000000000000068e-02
6.163099999999999828e-02 -4.532599999999999824e-02
6.826100000000000223e-02 -4.737700000000000244e-02
7.541399999999999493e-02 -4.941500000000000059e-02
8.115899999999999503e-02 -5.092900000000000205e-02
8.887799999999999867e-02 -5.281199999999999783e-02
9.506799999999999973e-02 -5.420099999999999918e-02
1.033319999999999933e-01 -5.590699999999999836e-02
1.116309999999999941e-01 -5.745399999999999813e-02
1.187420000000000003e-01 -5.865599999999999981e-02
1.275580000000000047e-01 -5.999199999999999672e-02
1.350699999999999956e-01 -6.100200000000000067e-02
1.443820000000000103e-01 -6.209499999999999742e-02
1.542209999999999970e-01 -6.306900000000000006e-02
1.620610000000000106e-01 -6.371799999999999686e-02
1.723530000000000062e-01 -6.440899999999999403e-02
1.826180000000000025e-01 -6.493100000000000260e-02
1.912739999999999996e-01 -6.525599999999999457e-02
2.019630000000000036e-01 -6.554000000000000103e-02
2.109389999999999876e-01 -6.570700000000000152e-02
2.221200000000000119e-01 -6.586500000000000687e-02
2.335710000000000008e-01 -6.597799999999999498e-02
2.428530000000000133e-01 -6.602399999999999936e-02
2.546470000000000122e-01 -6.600999999999999923e-02
2.642039999999999944e-01 -6.592399999999999649e-02
2.763120000000000021e-01 -6.569500000000000339e-02
2.886139999999999817e-01 -6.528200000000000669e-02
2.985169999999999768e-01 -6.478899999999999937e-02
3.111010000000000164e-01 -6.390200000000000047e-02
3.237180000000000057e-01 -6.267300000000000648e-02
3.340420000000000056e-01 -6.136599999999999694e-02
3.468829999999999969e-01 -5.935100000000000098e-02
3.573810000000000042e-01 -5.741999999999999882e-02
3.704120000000000190e-01 -5.474400000000000099e-02
3.837189999999999768e-01 -5.177500000000000158e-02
3.942410000000000081e-01 -4.932299999999999879e-02
4.077020000000000088e-01 -4.613799999999999846e-02
4.209959999999999813e-01 -4.303400000000000281e-02
4.318980000000000041e-01 -4.059800000000000214e-02
4.452599999999999891e-01 -3.783099999999999657e-02
4.562470000000000137e-01 -3.579500000000000043e-02
4.696339999999999959e-01 -3.357000000000000262e-02
4.834019999999999984e-01 -3.152599999999999847e-02
4.940599999999999992e-01 -3.006899999999999851e-02
5.078799999999999981e-01 -2.829999999999999877e-02
5.212059999999999471e-01 -2.665800000000000114e-02
5.323320000000000274e-01 -2.529899999999999857e-02
5.455640000000000489e-01 -2.364000000000000129e-02
5.567020000000000302e-01 -2.216900000000000120e-02
5.698039999999999772e-01 -2.031700000000000172e-02
5.834570000000000034e-01 -1.828199999999999964e-02
5.938750000000000417e-01 -1.668299999999999991e-02
6.074509999999999632e-01 -1.457899999999999995e-02
6.203840000000000465e-01 -1.258800000000000023e-02
6.311890000000000001e-01 -1.096600000000000005e-02
6.441249999999999476e-01 -9.109000000000000777e-03
6.569869999999999877e-01 -7.394000000000000399e-03
6.677840000000000442e-01 -6.088999999999999795e-03
6.799929999999999586e-01 -4.785000000000000191e-03
6.906390000000000029e-01 -3.788000000000000134e-03
7.025780000000000358e-01 -2.802999999999999936e-03
7.154690000000000216e-01 -1.874999999999999931e-03
7.268700000000000161e-01 -1.147000000000000016e-03
7.373060000000000169e-01 -5.419999999999999471e-04
7.483880000000000532e-01 5.599999999999999916e-05
7.585819999999999785e-01 5.760000000000000146e-04
7.693280000000000118e-01 1.108999999999999960e-03
7.814780000000000060e-01 1.708000000000000100e-03
7.918669999999999876e-01 2.230999999999999910e-03
8.014010000000000300e-01 2.720000000000000195e-03
8.114160000000000261e-01 3.230999999999999931e-03
8.206050000000000288e-01 3.687000000000000173e-03
8.302289999999999948e-01 4.142999999999999981e-03
8.390440000000000120e-01 4.532999999999999703e-03
8.482610000000000428e-01 4.908000000000000036e-03
8.585679999999999978e-01 5.279999999999999971e-03
8.673469999999999791e-01 5.552999999999999776e-03
8.752459999999999685e-01 5.759000000000000230e-03
8.835800000000000320e-01 5.932999999999999906e-03
8.910219999999999807e-01 6.043999999999999893e-03
8.988960000000000283e-01 6.113000000000000378e-03
9.072750000000000536e-01 6.113000000000000378e-03
9.148220000000000240e-01 6.047000000000000292e-03
9.210409999999999986e-01 5.949000000000000295e-03
9.280709999999999793e-01 5.786999999999999610e-03
9.337910000000000377e-01 5.610999999999999668e-03
9.405120000000000147e-01 5.349999999999999721e-03
9.466250000000000497e-01 5.059000000000000129e-03
9.517160000000000064e-01 4.774999999999999731e-03
9.571450000000000236e-01 4.426000000000000247e-03
9.627130000000000409e-01 4.017999999999999870e-03
9.674779999999999491e-01 3.625000000000000184e-03
9.714669999999999694e-01 3.265999999999999806e-03
9.756439999999999557e-01 2.857999999999999863e-03
9.798200000000000243e-01 2.419999999999999842e-03
9.833790000000000031e-01 2.020000000000000094e-03
9.867489999999999872e-01 1.621000000000000045e-03
9.896770000000000289e-01 1.255999999999999955e-03
9.922130000000000116e-01 9.290000000000000297e-04
9.948939999999999451e-01 5.689999999999999529e-04
9.968939999999999468e-01 2.919999999999999961e-04
9.985889999999999489e-01 5.099999999999999960e-05
1.000000000000000000e+00 -1.530000000000000056e-04
1.000000000000000000e+00 5.300000000000000078e-05
