1.000000000000000000e+00 5.099999999999999960e-05
1.000000000000000000e+00 3.089999999999999756e-04
9.986150000000000304e-01 6.610000000000000207e-04
9.969519999999999493e-01 1.087000000000000076e-03
9.946540000000000381e-01 1.677000000000000105e-03
9.923549999999999871e-01 2.271000000000000015e-03
9.898639999999999661e-01 2.916000000000000189e-03
9.869879999999999765e-01 3.664000000000000156e-03
9.836770000000000236e-01 4.526999999999999774e-03
9.801809999999999690e-01 5.440000000000000391e-03
9.760760000000000547e-01 6.512000000000000427e-03
9.719710000000000294e-01 7.582000000000000198e-03
9.671419999999999462e-01 8.838000000000000370e-03
9.623819999999999597e-01 1.007000000000000083e-02
9.578870000000000440e-01 1.122800000000000013e-02
9.522699999999999498e-01 1.266499999999999918e-02
9.464190000000000103e-01 1.415199999999999965e-02
9.399690000000000545e-01 1.577599999999999836e-02
9.348929999999999740e-01 1.704299999999999912e-02
9.278170000000000028e-01 1.879099999999999868e-02
9.210129999999999706e-01 2.045100000000000043e-02
9.146349999999999758e-01 2.198800000000000060e-02
9.073329999999999451e-01 2.372399999999999856e-02
8.987960000000000393e-01 2.573399999999999993e-02
8.909920000000000062e-01 2.755799999999999916e-02
8.835450000000000248e-01 2.927400000000000141e-02
8.752760000000000540e-01 3.115000000000000061e-02
8.673659999999999703e-01 3.291600000000000081e-02
8.586460000000000203e-01 3.482899999999999885e-02
8.483349999999999502e-01 3.704899999999999860e-02
8.391659999999999675e-01 3.898700000000000082e-02
8.303239999999999510e-01 4.082600000000000118e-02
8.207370000000000498e-01 4.279199999999999671e-02
8.115090000000000359e-01 4.466200000000000031e-02
8.015200000000000102e-01 4.667099999999999721e-02
7.899629999999999708e-01 4.899099999999999983e-02
7.793280000000000207e-01 5.113999999999999796e-02
7.696020000000000083e-01 5.311099999999999849e-02
7.585960000000000480e-01 5.533099999999999824e-02
7.485779999999999657e-01 5.732099999999999695e-02
7.372220000000000439e-01 5.951200000000000240e-02
7.269440000000000346e-01 6.140400000000000025e-02
7.147639999999999549e-01 6.348900000000000376e-02
7.024939999999999518e-01 6.535799999999999943e-02
6.920490000000000252e-01 6.671799999999999953e-02
6.797309999999999741e-01 6.799099999999999588e-02
6.691099999999999826e-01 6.875399999999999567e-02
6.565250000000000252e-01 6.921599999999999975e-02
6.431099999999999595e-01 6.923899999999999499e-02
6.329329999999999679e-01 6.899900000000000477e-02
6.193670000000000009e-01 6.841899999999999371e-02
6.065199999999999481e-01 6.769200000000000217e-02
5.953340000000000298e-01 6.699099999999999500e-02
5.822899999999999743e-01 6.618499999999999384e-02
5.710690000000000488e-01 6.557100000000000428e-02
5.578619999999999690e-01 6.503599999999999659e-02
5.466360000000000108e-01 6.480600000000000249e-02
5.333020000000000538e-01 6.479300000000000337e-02
5.193489999999999496e-01 6.501700000000000534e-02
5.086730000000000418e-01 6.531000000000000694e-02
4.947630000000000083e-01 6.579200000000000326e-02
4.813160000000000216e-01 6.630400000000000182e-02
4.702009999999999801e-01 6.671699999999999853e-02
4.567519999999999913e-01 6.714900000000000035e-02
4.457220000000000071e-01 6.740699999999999470e-02
4.323159999999999781e-01 6.755700000000000593e-02
4.186920000000000086e-01 6.753199999999999481e-02
4.080619999999999803e-01 6.740000000000000158e-02
3.945810000000000151e-01 6.710599999999999898e-02
3.840459999999999985e-01 6.678900000000000114e-02
3.707289999999999752e-01 6.629200000000000370e-02
3.576920000000000099e-01 6.572000000000000064e-02
3.471910000000000274e-01 6.520800000000000207e-02
3.343470000000000053e-01 6.453699999999999715e-02
3.215120000000000200e-01 6.383500000000000285e-02
3.114029999999999854e-01 6.328499999999999404e-02
2.988179999999999725e-01 6.263399999999999523e-02
2.889129999999999754e-01 6.216700000000000004e-02
2.766089999999999938e-01 6.166100000000000053e-02
2.644980000000000109e-01 6.125900000000000095e-02
2.549379999999999979e-01 6.101499999999999979e-02
2.431419999999999970e-01 6.080399999999999694e-02
2.315859999999999863e-01 6.069399999999999795e-02
2.223100000000000076e-01 6.067299999999999777e-02
2.112219999999999931e-01 6.071800000000000114e-02
2.022440000000000071e-01 6.079199999999999882e-02
1.915530000000000010e-01 6.084799999999999931e-02
1.808299999999999907e-01 6.079199999999999882e-02
1.726300000000000057e-01 6.063899999999999846e-02
1.623370000000000091e-01 6.027500000000000219e-02
1.544959999999999944e-01 5.985800000000000148e-02
1.446570000000000078e-01 5.914900000000000019e-02
1.353449999999999931e-01 5.828200000000000047e-02
1.278330000000000022e-01 5.743899999999999700e-02
1.190179999999999988e-01 5.628600000000000270e-02
1.102280000000000065e-01 5.495599999999999791e-02
1.036090000000000066e-01 5.383399999999999991e-02
9.534399999999999820e-02 5.228300000000000308e-02
8.915399999999999714e-02 5.100899999999999879e-02
8.143499999999999350e-02 4.927900000000000336e-02
7.423100000000000531e-02 4.751799999999999774e-02
6.853199999999999570e-02 4.601500000000000035e-02
6.189900000000000263e-02 4.413600000000000162e-02
5.666600000000000109e-02 4.254299999999999748e-02
5.061700000000000227e-02 4.057000000000000189e-02
4.475599999999999717e-02 3.849999999999999950e-02
4.041100000000000247e-02 3.685499999999999887e-02
3.516600000000000281e-02 3.470999999999999780e-02
3.032800000000000079e-02 3.255299999999999860e-02
2.669300000000000145e-02 3.078399999999999886e-02
2.247100000000000139e-02 2.853899999999999840e-02
1.935699999999999921e-02 2.670499999999999957e-02
1.576100000000000070e-02 2.435599999999999918e-02
1.257899999999999990e-02 2.197899999999999854e-02
1.022099999999999918e-02 1.997799999999999923e-02
7.697999999999999982e-03 1.750399999999999873e-02
5.866999999999999819e-03 1.540799999999999982e-02
4.000000000000000083e-03 1.284500000000000051e-02
2.413999999999999913e-03 1.010100000000000060e-02
1.495000000000000018e-03 8.047000000000000333e-03
6.030000000000000204e-04 5.285999999999999900e-03
1.279999999999999942e-04 2.644000000000000083e-03
-0.000000000000000000e+00 4.979999999999999618e-04
1.289999999999999914e-04 -1.610000000000000103e-03
6.040000000000000447e-04 -4.115999999999999867e-03
1.495000000000000018e-03 -6.623999999999999680e-03
2.410999999999999949e-03 -8.420999999999999666e-03
3.989000000000000358e-03 -1.072799999999999969e-02
5.845000000000000369e-03 -1.278499999999999949e-02
7.662000000000000408e-03 -1.439299999999999954e-02
1.016700000000000069e-02 -1.620399999999999965e-02
1.250700000000000076e-02 -1.759499999999999953e-02
1.566400000000000084e-02 -1.915599999999999942e-02
1.923199999999999910e-02 -2.059800000000000172e-02
2.232500000000000109e-02 -2.164800000000000058e-02
2.652099999999999944e-02 -2.283900000000000166e-02
3.110900000000000123e-02 -2.391300000000000023e-02
3.495299999999999796e-02 -2.466199999999999989e-02
4.018000000000000044e-02 -2.551600000000000049e-02
4.451299999999999701e-02 -2.610000000000000167e-02
5.036299999999999805e-02 -2.675400000000000000e-02
5.640400000000000275e-02 -2.728999999999999829e-02
6.163099999999999828e-02 -2.766700000000000062e-02
6.826100000000000223e-02 -2.804399999999999948e-02
7.541399999999999493e-02 -2.835299999999999973e-02
8.115899999999999503e-02 -2.853899999999999840e-02
8.887799999999999867e-02 -2.872100000000000000e-02
9.506799999999999973e-02 -2.881900000000000087e-02
1.033319999999999933e-01 -2.890200000000000061e-02
1.116309999999999941e-01 -2.893899999999999945e-02
1.187420000000000003e-01 -2.894499999999999851e-02
1.275580000000000047e-01 -2.892899999999999985e-02
1.350699999999999956e-01 -2.890699999999999867e-02
1.443820000000000103e-01 -2.887800000000000089e-02
1.542209999999999970e-01 -2.886599999999999930e-02
1.620610000000000106e-01 -2.888200000000000142e-02
1.723530000000000062e-01 -2.895800000000000110e-02
1.826180000000000025e-01 -2.912199999999999858e-02
1.912739999999999996e-01 -2.935099999999999862e-02
2.019630000000000036e-01 -2.977899999999999991e-02
2.109389999999999876e-01 -3.029099999999999848e-02
2.221200000000000119e-01 -3.115300000000000014e-02
2.335710000000000008e-01 -3.229100000000000026e-02
2.428530000000000133e-01 -3.338399999999999701e-02
2.546470000000000122e-01 -3.495800000000000296e-02
2.642039999999999944e-01 -3.634600000000000330e-02
2.763120000000000021e-01 -3.818699999999999872e-02
2.886139999999999817e-01 -4.005100000000000326e-02
2.985169999999999768e-01 -4.146699999999999692e-02
3.111010000000000164e-01 -4.302899999999999781e-02
3.237180000000000057e-01 -4.418300000000000005e-02
3.340420000000000056e-01 -4.469999999999999668e-02
3.468829999999999969e-01 -4.472199999999999787e-02
3.573810000000000042e-01 -4.426900000000000279e-02
3.704120000000000190e-01 -4.320399999999999935e-02
3.837189999999999768e-01 -4.163800000000000140e-02
3.942410000000000081e-01 -4.012999999999999901e-02
4.077020000000000088e-01 -3.795500000000000262e-02
4.209959999999999813e-01 -3.564200000000000007e-02
4.318980000000000041e-01 -3.370900000000000285e-02
4.452599999999999891e-01 -3.139499999999999930e-02
4.562470000000000137e-01 -2.960600000000000037e-02
4.696339999999999959e-01 -2.756099999999999869e-02
4.834019999999999984e-01 -2.559799999999999923e-02
4.940599999999999992e-01 -2.415700000000000139e-02
5.078799999999999981e-01 -2.238000000000000059e-02
5.212059999999999471e-01 -2.073799999999999949e-02
5.323320000000000274e-01 -1.941100000000000117e-02
5.455640000000000489e-01 -1.786099999999999841e-02
5.567020000000000302e-01 -1.656799999999999939e-02
5.698039999999999772e-01 -1.504300000000000082e-02
5.834570000000000034e-01 -1.346100000000000074e-02
5.938750000000000417e-01 -1.226299999999999960e-02
6.074509999999999632e-01 -1.072700000000000042e-02
6.203840000000000465e-01 -9.294999999999999443e-03
6.311890000000000001e-01 -8.132000000000000339e-03
6.441249999999999476e-01 -6.786999999999999630e-03
6.569869999999999877e-01 -5.512000000000000406e-03
6.677840000000000442e-01 -4.499999999999999660e-03
6.799929999999999586e-01 -3.426999999999999925e-03
6.906390000000000029e-01 -2.553999999999999847e-03
7.025780000000000358e-01 -1.644000000000000062e-03
7.154690000000000216e-01 -7.399999999999999894e-04
7.268700000000000161e-01 -5.000000000000000409e-06
7.373060000000000169e-01 6.149999999999999868e-04
7.483880000000000532e-01 1.224000000000000045e-03
7.585819999999999785e-01 1.739000000000000094e-03
7.693280000000000118e-01 2.237999999999999972e-03
7.814780000000000060e-01 2.752000000000000106e-03
7.918669999999999876e-01 3.151999999999999854e-03
8.014010000000000300e-01 3.491000000000000179e-03
8.114160000000000261e-01 3.824000000000000142e-03
8.206050000000000288e-01 4.109999999999999938e-03
8.302289999999999948e-01 4.390999999999999938e-03
8.390440000000000120e-01 4.629999999999999567e-03
8.482610000000000428e-01 4.860999999999999870e-03
8.585679999999999978e-01 5.088999999999999774e-03
8.673469999999999791e-01 5.256000000000000255e-03
8.752459999999999685e-01 5.380000000000000233e-03
8.835800000000000320e-01 5.479999999999999628e-03
8.910219999999999807e-01 5.538000000000000388e-03
8.988960000000000283e-01 5.560999999999999971e-03
9.072750000000000536e-01 5.520999999999999866e-03
9.148220000000000240e-01 5.428999999999999798e-03
9.210409999999999986e-01 5.318999999999999943e-03
9.280709999999999793e-01 5.152000000000000329e-03
9.337910000000000377e-01 4.978999999999999919e-03
9.405120000000000147e-01 4.730999999999999962e-03
9.466250000000000497e-01 4.460000000000000422e-03
9.517160000000000064e-01 4.197000000000000210e-03
9.571450000000000236e-01 3.877999999999999937e-03
9.627130000000000409e-01 3.507000000000000135e-03
9.674779999999999491e-01 3.151999999999999854e-03
9.714669999999999694e-01 2.828999999999999918e-03
9.756439999999999557e-01 2.462999999999999912e-03
9.798200000000000243e-01 2.070999999999999924e-03
9.833790000000000031e-01 1.714999999999999945e-03
9.867489999999999872e-01 1.360000000000000098e-03
9.896770000000000289e-01 1.036999999999999944e-03
9.922130000000000116e-01 7.470000000000000511e-04
9.948939999999999451e-01 4.290000000000000193e-04
9.968939999999999468e-01 1.840000000000000001e-04
9.985889999999999489e-01 -2.699999999999999899e-05
1.000000000000000000e+00 -2.069999999999999900e-04
1.000000000000000000e+00 5.099999999999999960e-05
