1.000000000000000000e+00 5.500000000000000196e-05
1.000000000000000000e+00 2.700000000000000035e-04
9.986150000000000304e-01 6.210000000000000242e-04
9.969519999999999493e-01 1.044000000000000006e-03
9.946540000000000381e-01 1.631000000000000071e-03
9.923549999999999871e-01 2.220999999999999884e-03
9.898639999999999661e-01 2.863000000000000093e-03
9.869879999999999765e-01 3.605999999999999830e-03
9.836770000000000236e-01 4.461999999999999821e-03
9.801809999999999690e-01 5.366000000000000110e-03
9.760760000000000547e-01 6.422999999999999890e-03
9.719710000000000294e-01 7.473999999999999741e-03
9.671419999999999462e-01 8.701999999999999666e-03
9.623819999999999597e-01 9.898999999999999813e-03
9.578870000000000440e-01 1.101700000000000075e-02
9.522699999999999498e-01 1.239499999999999977e-02
9.464190000000000103e-01 1.380600000000000056e-02
9.399690000000000545e-01 1.533200000000000014e-02
9.348929999999999740e-01 1.650799999999999837e-02
9.278170000000000028e-01 1.811099999999999863e-02
9.210129999999999706e-01 1.960999999999999896e-02
9.146349999999999758e-01 2.097600000000000159e-02
9.073329999999999451e-01 2.249100000000000057e-02
8.987960000000000393e-01 2.420500000000000082e-02
8.909920000000000062e-01 2.572100000000000081e-02
8.835450000000000248e-01 2.711099999999999968e-02
8.752760000000000540e-01 2.858600000000000030e-02
8.673659999999999703e-01 2.992900000000000074e-02
8.586460000000000203e-01 3.133299999999999974e-02
8.483349999999999502e-01 3.289000000000000257e-02
8.391659999999999675e-01 3.418600000000000111e-02
8.303239999999999510e-01 3.536099999999999660e-02
8.207370000000000498e-01 3.656500000000000028e-02
8.115090000000000359e-01 3.766699999999999909e-02
8.015200000000000102e-01 3.882399999999999740e-02
7.899629999999999708e-01 4.015799999999999925e-02
7.793280000000000207e-01 4.143399999999999861e-02
7.696020000000000083e-01 4.265300000000000341e-02
7.585960000000000480e-01 4.408700000000000119e-02
7.485779999999999657e-01 4.543400000000000216e-02
7.372220000000000439e-01 4.699400000000000105e-02
7.269440000000000346e-01 4.841899999999999676e-02
7.147639999999999549e-01 5.009999999999999870e-02
7.024939999999999518e-01 5.174800000000000233e-02
6.920490000000000252e-01 5.308299999999999824e-02
6.797309999999999741e-01 5.453800000000000314e-02
6.691099999999999826e-01 5.565300000000000108e-02
6.565250000000000252e-01 5.677000000000000102e-02
6.431099999999999595e-01 5.774399999999999672e-02
6.329329999999999679e-01 5.836600000000000121e-02
6.193670000000000009e-01 5.908499999999999863e-02
6.065199999999999481e-01 5.969800000000000106e-02
5.953340000000000298e-01 6.021499999999999769e-02
5.822899999999999743e-01 6.084599999999999731e-02
5.710690000000000488e-01 6.144999999999999768e-02
5.578619999999999690e-01 6.228000000000000203e-02
5.466360000000000108e-01 6.312099999999999655e-02
5.333020000000000538e-01 6.425500000000000655e-02
5.193489999999999496e-01 6.552800000000000291e-02
5.086730000000000418e-01 6.651200000000000168e-02
4.947630000000000083e-01 6.774499999999999966e-02
4.813160000000000216e-01 6.881600000000000217e-02
4.702009999999999801e-01 6.956299999999999983e-02
4.567519999999999913e-01 7.023799999999999488e-02
4.457220000000000071e-01 7.055899999999999672e-02
4.323159999999999781e-01 7.062300000000000522e-02
4.186920000000000086e-01 7.035199999999999787e-02
4.080619999999999803e-01 6.994000000000000217e-02
3.945810000000000151e-01 6.920999999999999375e-02
3.840459999999999985e-01 6.850900000000000045e-02
3.707289999999999752e-01 6.749900000000000344e-02
3.576920000000000099e-01 6.642299999999999593e-02
3.471910000000000274e-01 6.552499999999999991e-02
3.343470000000000053e-01 6.442499999999999616e-02
3.215120000000000200e-01 6.336300000000000265e-02
3.114029999999999854e-01 6.256599999999999662e-02
2.988179999999999725e-01 6.163300000000000028e-02
2.889129999999999754e-01 6.094700000000000117e-02
2.766089999999999938e-01 6.015700000000000214e-02
2.644980000000000109e-01 5.944599999999999884e-02
2.549379999999999979e-01 5.892599999999999921e-02
2.431419999999999970e-01 5.833100000000000090e-02
2.315859999999999863e-01 5.778900000000000009e-02
2.223100000000000076e-01 5.737500000000000239e-02
2.112219999999999931e-01 5.689999999999999919e-02
2.022440000000000071e-01 5.651500000000000273e-02
1.915530000000000010e-01 5.602499999999999841e-02
1.808299999999999907e-01 5.546199999999999741e-02
1.726300000000000057e-01 5.496800000000000297e-02
1.623370000000000091e-01 5.425200000000000161e-02
1.544959999999999944e-01 5.362900000000000306e-02
1.446570000000000078e-01 5.274199999999999722e-02
1.353449999999999931e-01 5.179199999999999776e-02
1.278330000000000022e-01 5.094100000000000017e-02
1.190179999999999988e-01 4.984500000000000042e-02
1.102280000000000065e-01 4.863800000000000068e-02
1.036090000000000066e-01 4.765300000000000091e-02
9.534399999999999820e-02 4.632000000000000006e-02
8.915399999999999714e-02 4.524399999999999950e-02
8.143499999999999350e-02 4.379700000000000260e-02
7.423100000000000531e-02 4.233599999999999863e-02
6.853199999999999570e-02 4.109299999999999758e-02
6.189900000000000263e-02 3.954099999999999976e-02
5.666600000000000109e-02 3.822300000000000003e-02
5.061700000000000227e-02 3.658700000000000147e-02
4.475599999999999717e-02 3.486100000000000310e-02
4.041100000000000247e-02 3.348199999999999787e-02
3.516600000000000281e-02 3.167099999999999776e-02
3.032800000000000079e-02 2.983500000000000041e-02
2.669300000000000145e-02 2.831600000000000089e-02
2.247100000000000139e-02 2.637099999999999861e-02
1.935699999999999921e-02 2.476700000000000082e-02
1.576100000000000070e-02 2.269300000000000136e-02
1.257899999999999990e-02 2.057200000000000001e-02
1.022099999999999918e-02 1.876999999999999849e-02
7.697999999999999982e-03 1.651899999999999896e-02
5.866999999999999819e-03 1.459500000000000033e-02
4.000000000000000083e-03 1.221900000000000069e-02
2.413999999999999913e-03 9.646999999999999326e-03
1.495000000000000018e-03 7.700000000000000247e-03
6.030000000000000204e-04 5.052000000000000067e-03
1.279999999999999942e-04 2.478000000000000168e-03
-0.000000000000000000e+00 3.550000000000000096e-04
1.289999999999999914e-04 -1.763999999999999943e-03
6.040000000000000447e-04 -4.331999999999999913e-03
1.495000000000000018e-03 -6.969999999999999633e-03
2.410999999999999949e-03 -8.909000000000000252e-03
3.989000000000000358e-03 -1.147300000000000056e-02
5.845000000000000369e-03 -1.384299999999999940e-02
7.662000000000000408e-03 -1.576699999999999977e-02
1.016700000000000069e-02 -1.802099999999999883e-02
1.250700000000000076e-02 -1.983000000000000040e-02
1.566400000000000084e-02 -2.196100000000000135e-02
1.923199999999999910e-02 -2.404799999999999993e-02
2.232500000000000109e-02 -2.565600000000000172e-02
2.652099999999999944e-02 -2.759599999999999900e-02
3.110900000000000123e-02 -2.947900000000000173e-02
3.495299999999999796e-02 -3.089499999999999885e-02
4.018000000000000044e-02 -3.263800000000000034e-02
4.451299999999999701e-02 -3.394199999999999995e-02
5.036299999999999805e-02 -3.554100000000000315e-02
5.640400000000000275e-02 -3.701999999999999735e-02
6.163099999999999828e-02 -3.818300000000000166e-02
6.826100000000000223e-02 -3.951799999999999757e-02
7.541399999999999493e-02 -4.080899999999999805e-02
8.115899999999999503e-02 -4.174200000000000133e-02
8.887799999999999867e-02 -4.287200000000000039e-02
9.506799999999999973e-02 -4.367800000000000155e-02
1.033319999999999933e-01 -4.463400000000000006e-02
1.116309999999999941e-01 -4.546000000000000041e-02
1.187420000000000003e-01 -4.606999999999999984e-02
1.275580000000000047e-01 -4.670300000000000146e-02
1.350699999999999956e-01 -4.714299999999999741e-02
1.443820000000000103e-01 -4.756400000000000211e-02
1.542209999999999970e-01 -4.787199999999999789e-02
1.620610000000000106e-01 -4.802399999999999725e-02
1.723530000000000062e-01 -4.810899999999999899e-02
1.826180000000000025e-01 -4.808300000000000074e-02
1.912739999999999996e-01 -4.799799999999999900e-02
2.019630000000000036e-01 -4.784499999999999864e-02
2.109389999999999876e-01 -4.771299999999999847e-02
2.221200000000000119e-01 -4.759900000000000242e-02
2.335710000000000008e-01 -4.756099999999999911e-02
2.428530000000000133e-01 -4.758799999999999836e-02
2.546470000000000122e-01 -4.769500000000000128e-02
2.642039999999999944e-01 -4.783599999999999658e-02
2.763120000000000021e-01 -4.807399999999999868e-02
2.886139999999999817e-01 -4.835699999999999721e-02
2.985169999999999768e-01 -4.859600000000000031e-02
3.111010000000000164e-01 -4.887500000000000178e-02
3.237180000000000057e-01 -4.908599999999999769e-02
3.340420000000000056e-01 -4.916600000000000137e-02
3.468829999999999969e-01 -4.911999999999999700e-02
3.573810000000000042e-01 -4.896199999999999858e-02
3.704120000000000190e-01 -4.862899999999999862e-02
3.837189999999999768e-01 -4.814299999999999830e-02
3.942410000000000081e-01 -4.766499999999999904e-02
4.077020000000000088e-01 -4.695099999999999968e-02
4.209959999999999813e-01 -4.614900000000000252e-02
4.318980000000000041e-01 -4.543799999999999922e-02
4.452599999999999891e-01 -4.451600000000000001e-02
4.562470000000000137e-01 -4.373500000000000304e-02
4.696339999999999959e-01 -4.274700000000000027e-02
4.834019999999999984e-01 -4.169500000000000289e-02
4.940599999999999992e-01 -4.084499999999999936e-02
5.078799999999999981e-01 -3.970599999999999824e-02
5.212059999999999471e-01 -3.855399999999999799e-02
5.323320000000000274e-01 -3.755700000000000011e-02
5.455640000000000489e-01 -3.631700000000000206e-02
5.567020000000000302e-01 -3.522999999999999743e-02
5.698039999999999772e-01 -3.388700000000000045e-02
5.834570000000000034e-01 -3.240699999999999831e-02
5.938750000000000417e-01 -3.121099999999999916e-02
6.074509999999999632e-01 -2.955800000000000094e-02
6.203840000000000465e-01 -2.786800000000000041e-02
6.311890000000000001e-01 -2.636200000000000002e-02
6.441249999999999476e-01 -2.443700000000000039e-02
6.569869999999999877e-01 -2.238000000000000059e-02
6.677840000000000442e-01 -2.053699999999999970e-02
6.799929999999999586e-01 -1.833100000000000007e-02
6.906390000000000029e-01 -1.633400000000000130e-02
7.025780000000000358e-01 -1.405900000000000032e-02
7.154690000000000216e-01 -1.161200000000000079e-02
7.268700000000000161e-01 -9.497000000000000233e-03
7.373060000000000169e-01 -7.631999999999999895e-03
7.483880000000000532e-01 -5.749999999999999903e-03
7.585819999999999785e-01 -4.124000000000000062e-03
7.693280000000000118e-01 -2.533999999999999794e-03
7.814780000000000060e-01 -8.999999999999999754e-04
7.918669999999999876e-01 3.550000000000000096e-04
8.014010000000000300e-01 1.389000000000000044e-03
8.114160000000000261e-01 2.360999999999999818e-03
8.206050000000000288e-01 3.150000000000000022e-03
8.302289999999999948e-01 3.880000000000000202e-03
8.390440000000000120e-01 4.464000000000000086e-03
8.482610000000000428e-01 4.991999999999999910e-03
8.585679999999999978e-01 5.486000000000000425e-03
8.673469999999999791e-01 5.828999999999999980e-03
8.752459999999999685e-01 6.074999999999999671e-03
8.835800000000000320e-01 6.271999999999999797e-03
8.910219999999999807e-01 6.389999999999999847e-03
8.988960000000000283e-01 6.453999999999999668e-03
9.072750000000000536e-01 6.434999999999999748e-03
9.148220000000000240e-01 6.344999999999999946e-03
9.210409999999999986e-01 6.223000000000000233e-03
9.280709999999999793e-01 6.028999999999999637e-03
9.337910000000000377e-01 5.826999999999999715e-03
9.405120000000000147e-01 5.533999999999999857e-03
9.466250000000000497e-01 5.211999999999999619e-03
9.517160000000000064e-01 4.903000000000000240e-03
9.571450000000000236e-01 4.529000000000000040e-03
9.627130000000000409e-01 4.095999999999999815e-03
9.674779999999999491e-01 3.684000000000000209e-03
9.714669999999999694e-01 3.310000000000000008e-03
9.756439999999999557e-01 2.887999999999999942e-03
9.798200000000000243e-01 2.438000000000000063e-03
9.833790000000000031e-01 2.030000000000000120e-03
9.867489999999999872e-01 1.624000000000000010e-03
9.896770000000000289e-01 1.255000000000000039e-03
9.922130000000000116e-01 9.240000000000000166e-04
9.948939999999999451e-01 5.630000000000000239e-04
9.968939999999999468e-01 2.849999999999999886e-04
9.985889999999999489e-01 4.399999999999999886e-05
1.000000000000000000e+00 -1.600000000000000131e-04
1.000000000000000000e+00 5.500000000000000196e-05
