1.000000000000000000e+00 3.600000000000000091e-05
1.000000000000000000e+00 3.200000000000000262e-04
9.986150000000000304e-01 6.520000000000000188e-04
9.969519999999999493e-01 1.048000000000000103e-03
9.946540000000000381e-01 1.590999999999999966e-03
9.923549999999999871e-01 2.129999999999999949e-03
9.898639999999999661e-01 2.710000000000000169e-03
9.869879999999999765e-01 3.374999999999999962e-03
9.836770000000000236e-01 4.133999999999999654e-03
9.801809999999999690e-01 4.930999999999999620e-03
9.760760000000000547e-01 5.858000000000000360e-03
9.719710000000000294e-01 6.778000000000000171e-03
9.671419999999999462e-01 7.851000000000000340e-03
9.623819999999999597e-01 8.899000000000000660e-03
9.578870000000000440e-01 9.879999999999999893e-03
9.522699999999999498e-01 1.109500000000000069e-02
9.464190000000000103e-01 1.234799999999999960e-02
9.399690000000000545e-01 1.371600000000000076e-02
9.348929999999999740e-01 1.478100000000000074e-02
9.278170000000000028e-01 1.625100000000000156e-02
9.210129999999999706e-01 1.764699999999999949e-02
9.146349999999999758e-01 1.893999999999999850e-02
9.073329999999999451e-01 2.040200000000000000e-02
8.987960000000000393e-01 2.209699999999999859e-02
8.909920000000000062e-01 2.364099999999999882e-02
8.835450000000000248e-01 2.509499999999999925e-02
8.752760000000000540e-01 2.668900000000000092e-02
8.673659999999999703e-01 2.819199999999999831e-02
8.586460000000000203e-01 2.982299999999999882e-02
8.483349999999999502e-01 3.171899999999999720e-02
8.391659999999999675e-01 3.337600000000000289e-02
8.303239999999999510e-01 3.494699999999999890e-02
8.207370000000000498e-01 3.662300000000000277e-02
8.115090000000000359e-01 3.820699999999999791e-02
8.015200000000000102e-01 3.989399999999999891e-02
7.899629999999999708e-01 4.180799999999999794e-02
7.793280000000000207e-01 4.353800000000000031e-02
7.696020000000000083e-01 4.509099999999999914e-02
7.585960000000000480e-01 4.680999999999999744e-02
7.485779999999999657e-01 4.833500000000000296e-02
7.372220000000000439e-01 5.001099999999999990e-02
7.269440000000000346e-01 5.147299999999999792e-02
7.147639999999999549e-01 5.312999999999999667e-02
7.024939999999999518e-01 5.470499999999999668e-02
6.920490000000000252e-01 5.596099999999999686e-02
6.797309999999999741e-01 5.733300000000000202e-02
6.691099999999999826e-01 5.841199999999999865e-02
6.565250000000000252e-01 5.955599999999999783e-02
6.431099999999999595e-01 6.062200000000000227e-02
6.329329999999999679e-01 6.133600000000000163e-02
6.193670000000000009e-01 6.216900000000000204e-02
6.065199999999999481e-01 6.284700000000000009e-02
5.953340000000000298e-01 6.335699999999999665e-02
5.822899999999999743e-01 6.387099999999999722e-02
5.710690000000000488e-01 6.425200000000000355e-02
5.578619999999999690e-01 6.464300000000000601e-02
5.466360000000000108e-01 6.493799999999999573e-02
5.333020000000000538e-01 6.524699999999999944e-02
5.193489999999999496e-01 6.552299999999999791e-02
5.086730000000000418e-01 6.570099999999999552e-02
4.947630000000000083e-01 6.589200000000000612e-02
4.813160000000000216e-01 6.603199999999999348e-02
4.702009999999999801e-01 6.611599999999999422e-02
4.567519999999999913e-01 6.617699999999999971e-02
4.457220000000000071e-01 6.619600000000000484e-02
4.323159999999999781e-01 6.617900000000000171e-02
4.186920000000000086e-01 6.611300000000000510e-02
4.080619999999999803e-01 6.602199999999999736e-02
3.945810000000000151e-01 6.585199999999999387e-02
3.840459999999999985e-01 6.567199999999999427e-02
3.707289999999999752e-01 6.537700000000000455e-02
3.576920000000000099e-01 6.500999999999999834e-02
3.471910000000000274e-01 6.465200000000000113e-02
3.343470000000000053e-01 6.413299999999999557e-02
3.215120000000000200e-01 6.351900000000000601e-02
3.114029999999999854e-01 6.296599999999999420e-02
2.988179999999999725e-01 6.219399999999999928e-02
2.889129999999999754e-01 6.151999999999999830e-02
2.766089999999999938e-01 6.060499999999999915e-02
2.644980000000000109e-01 5.961799999999999738e-02
2.549379999999999979e-01 5.877999999999999892e-02
2.431419999999999970e-01 5.767300000000000204e-02
2.315859999999999863e-01 5.650999999999999773e-02
2.223100000000000076e-01 5.552100000000000091e-02
2.112219999999999931e-01 5.427200000000000080e-02
2.022440000000000071e-01 5.321100000000000135e-02
1.915530000000000010e-01 5.190399999999999875e-02
1.808299999999999907e-01 5.055899999999999977e-02
1.726300000000000057e-01 4.951400000000000245e-02
1.623370000000000091e-01 4.818399999999999767e-02
1.544959999999999944e-01 4.715699999999999753e-02
1.446570000000000078e-01 4.585000000000000187e-02
1.353449999999999931e-01 4.459099999999999869e-02
1.278330000000000022e-01 4.355699999999999850e-02
1.190179999999999988e-01 4.231800000000000145e-02
1.102280000000000065e-01 4.104900000000000215e-02
1.036090000000000066e-01 4.006599999999999745e-02
9.534399999999999820e-02 3.879900000000000015e-02
8.915399999999999714e-02 3.781700000000000339e-02
8.143499999999999350e-02 3.654099999999999709e-02
7.423100000000000531e-02 3.529399999999999898e-02
6.853199999999999570e-02 3.425700000000000273e-02
6.189900000000000263e-02 3.298700000000000243e-02
5.666600000000000109e-02 3.192500000000000199e-02
5.061700000000000227e-02 3.062300000000000091e-02
4.475599999999999717e-02 2.926000000000000129e-02
4.041100000000000247e-02 2.817599999999999966e-02
3.516600000000000281e-02 2.675400000000000000e-02
3.032800000000000079e-02 2.531100000000000017e-02
2.669300000000000145e-02 2.410999999999999949e-02
2.247100000000000139e-02 2.256299999999999972e-02
1.935699999999999921e-02 2.127599999999999977e-02
1.576100000000000070e-02 1.959400000000000031e-02
1.257899999999999990e-02 1.785199999999999981e-02
1.022099999999999918e-02 1.635199999999999848e-02
7.697999999999999982e-03 1.445600000000000010e-02
5.866999999999999819e-03 1.281500000000000000e-02
4.000000000000000083e-03 1.076399999999999926e-02
2.413999999999999913e-03 8.517000000000000265e-03
1.495000000000000018e-03 6.799000000000000356e-03
6.030000000000000204e-04 4.445000000000000166e-03
1.279999999999999942e-04 2.138999999999999842e-03
-0.000000000000000000e+00 2.290000000000000098e-04
1.289999999999999914e-04 -1.683999999999999950e-03
6.040000000000000447e-04 -4.006000000000000012e-03
1.495000000000000018e-03 -6.392000000000000112e-03
2.410999999999999949e-03 -8.144000000000000197e-03
3.989000000000000358e-03 -1.045399999999999975e-02
5.845000000000000369e-03 -1.258300000000000043e-02
7.662000000000000408e-03 -1.430400000000000074e-02
1.016700000000000069e-02 -1.631200000000000011e-02
1.250700000000000076e-02 -1.791900000000000090e-02
1.566400000000000084e-02 -1.980499999999999969e-02
1.923199999999999910e-02 -2.164699999999999958e-02
2.232500000000000109e-02 -2.306499999999999870e-02
2.652099999999999944e-02 -2.477800000000000141e-02
3.110900000000000123e-02 -2.644399999999999876e-02
3.495299999999999796e-02 -2.770399999999999946e-02
4.018000000000000044e-02 -2.926600000000000035e-02
4.451299999999999701e-02 -3.044699999999999837e-02
5.036299999999999805e-02 -3.191399999999999793e-02
5.640400000000000275e-02 -3.329700000000000021e-02
6.163099999999999828e-02 -3.440800000000000108e-02
6.826100000000000223e-02 -3.571499999999999675e-02
7.541399999999999493e-02 -3.702400000000000135e-02
8.115899999999999503e-02 -3.800499999999999712e-02
8.887799999999999867e-02 -3.924300000000000010e-02
9.506799999999999973e-02 -4.017400000000000138e-02
1.033319999999999933e-01 -4.134499999999999981e-02
1.116309999999999941e-01 -4.244400000000000256e-02
1.187420000000000003e-01 -4.332899999999999946e-02
1.275580000000000047e-01 -4.435999999999999666e-02
1.350699999999999956e-01 -4.518300000000000094e-02
1.443820000000000103e-01 -4.613699999999999746e-02
1.542209999999999970e-01 -4.706899999999999973e-02
1.620610000000000106e-01 -4.775700000000000084e-02
1.723530000000000062e-01 -4.859000000000000125e-02
1.826180000000000025e-01 -4.934000000000000191e-02
1.912739999999999996e-01 -4.990900000000000197e-02
2.019630000000000036e-01 -5.052899999999999753e-02
2.109389999999999876e-01 -5.097600000000000048e-02
2.221200000000000119e-01 -5.143799999999999761e-02
2.335710000000000008e-01 -5.180300000000000182e-02
2.428530000000000133e-01 -5.201999999999999680e-02
2.546470000000000122e-01 -5.220000000000000334e-02
2.642039999999999944e-01 -5.226800000000000196e-02
2.763120000000000021e-01 -5.226299999999999696e-02
2.886139999999999817e-01 -5.215299999999999797e-02
2.985169999999999768e-01 -5.199499999999999955e-02
3.111010000000000164e-01 -5.170399999999999996e-02
3.237180000000000057e-01 -5.132400000000000156e-02
3.340420000000000056e-01 -5.094599999999999823e-02
3.468829999999999969e-01 -5.040700000000000042e-02
3.573810000000000042e-01 -4.991500000000000103e-02
3.704120000000000190e-01 -4.925899999999999723e-02
3.837189999999999768e-01 -4.855199999999999794e-02
3.942410000000000081e-01 -4.798199999999999688e-02
4.077020000000000088e-01 -4.726000000000000340e-02
4.209959999999999813e-01 -4.657800000000000135e-02
4.318980000000000041e-01 -4.606299999999999978e-02
4.452599999999999891e-01 -4.550699999999999884e-02
4.562470000000000137e-01 -4.513000000000000345e-02
4.696339999999999959e-01 -4.474500000000000005e-02
4.834019999999999984e-01 -4.441799999999999915e-02
4.940599999999999992e-01 -4.418899999999999911e-02
5.078799999999999981e-01 -4.390999999999999764e-02
5.212059999999999471e-01 -4.362800000000000011e-02
5.323320000000000274e-01 -4.337200000000000083e-02
5.455640000000000489e-01 -4.301200000000000162e-02
5.567020000000000302e-01 -4.265200000000000241e-02
5.698039999999999772e-01 -4.213399999999999784e-02
5.834570000000000034e-01 -4.147699999999999998e-02
5.938750000000000417e-01 -4.088200000000000167e-02
6.074509999999999632e-01 -3.997499999999999665e-02
6.203840000000000465e-01 -3.895499999999999657e-02
6.311890000000000001e-01 -3.797799999999999787e-02
6.441249999999999476e-01 -3.664499999999999702e-02
6.569869999999999877e-01 -3.513100000000000250e-02
6.677840000000000442e-01 -3.370499999999999885e-02
6.799929999999999586e-01 -3.192199999999999899e-02
6.906390000000000029e-01 -3.022999999999999993e-02
7.025780000000000358e-01 -2.820299999999999890e-02
7.154690000000000216e-01 -2.588999999999999982e-02
7.268700000000000161e-01 -2.375999999999999987e-02
7.373060000000000169e-01 -2.176499999999999962e-02
7.483880000000000532e-01 -1.961699999999999902e-02
7.585819999999999785e-01 -1.763199999999999837e-02
7.693280000000000118e-01 -1.554700000000000006e-02
7.814780000000000060e-01 -1.321400000000000005e-02
7.918669999999999876e-01 -1.125300000000000085e-02
8.014010000000000300e-01 -9.499000000000000499e-03
8.114160000000000261e-01 -7.727999999999999627e-03
8.206050000000000288e-01 -6.186999999999999791e-03
8.302289999999999948e-01 -4.671999999999999938e-03
8.390440000000000120e-01 -3.384999999999999988e-03
8.482610000000000428e-01 -2.147000000000000037e-03
8.585679999999999978e-01 -8.999999999999999754e-04
8.673469999999999791e-01 4.300000000000000165e-05
8.752459999999999685e-01 7.979999999999999897e-04
8.835800000000000320e-01 1.495999999999999934e-03
8.910219999999999807e-01 2.030999999999999819e-03
8.988960000000000283e-01 2.507000000000000114e-03
9.072750000000000536e-01 2.895000000000000004e-03
9.148220000000000240e-01 3.144000000000000093e-03
9.210409999999999986e-01 3.286999999999999991e-03
9.280709999999999793e-01 3.376999999999999794e-03
9.337910000000000377e-01 3.393999999999999882e-03
9.405120000000000147e-01 3.350000000000000113e-03
9.466250000000000497e-01 3.248000000000000019e-03
9.517160000000000064e-01 3.116999999999999979e-03
9.571450000000000236e-01 2.929999999999999879e-03
9.627130000000000409e-01 2.687000000000000152e-03
9.674779999999999491e-01 2.438000000000000063e-03
9.714669999999999694e-01 2.200999999999999832e-03
9.756439999999999557e-01 1.923000000000000013e-03
9.798200000000000243e-01 1.618000000000000081e-03
9.833790000000000031e-01 1.333999999999999899e-03
9.867489999999999872e-01 1.049000000000000019e-03
9.896770000000000289e-01 7.849999999999999990e-04
9.922130000000000116e-01 5.469999999999999602e-04
9.948939999999999451e-01 2.840000000000000185e-04
9.968939999999999468e-01 8.100000000000000375e-05
9.985889999999999489e-01 -9.699999999999999963e-05
1.000000000000000000e+00 -2.469999999999999865e-04
1.000000000000000000e+00 3.600000000000000091e-05
