1.000000000000000000e+00 -5.599999999999999916e-05
1.000000000000000000e+00 2.620000000000000258e-04
9.986150000000000304e-01 4.719999999999999803e-04
9.969519999999999493e-01 7.230000000000000098e-04
9.946540000000000381e-01 1.062999999999999926e-03
9.923549999999999871e-01 1.399999999999999986e-03
9.898639999999999661e-01 1.761999999999999894e-03
9.869879999999999765e-01 2.177000000000000116e-03
9.836770000000000236e-01 2.652999999999999976e-03
9.801809999999999690e-01 3.154999999999999818e-03
9.760760000000000547e-01 3.742999999999999799e-03
9.719710000000000294e-01 4.333000000000000046e-03
9.671419999999999462e-01 5.030999999999999882e-03
9.623819999999999597e-01 5.722999999999999789e-03
9.578870000000000440e-01 6.381999999999999652e-03
9.522699999999999498e-01 7.215000000000000059e-03
9.464190000000000103e-01 8.094999999999999765e-03
9.399690000000000545e-01 9.083000000000000795e-03
9.348929999999999740e-01 9.872999999999999832e-03
9.278170000000000028e-01 1.099400000000000030e-02
9.210129999999999706e-01 1.209600000000000085e-02
9.146349999999999758e-01 1.315099999999999950e-02
9.073329999999999451e-01 1.438299999999999995e-02
8.987960000000000393e-01 1.587300000000000169e-02
8.909920000000000062e-01 1.728700000000000028e-02
8.835450000000000248e-01 1.866900000000000157e-02
8.752760000000000540e-01 2.024099999999999858e-02
8.673659999999999703e-01 2.177799999999999875e-02
8.586460000000000203e-01 2.350599999999999912e-02
8.483349999999999502e-01 2.558600000000000110e-02
8.391659999999999675e-01 2.745699999999999877e-02
8.303239999999999510e-01 2.926300000000000082e-02
8.207370000000000498e-01 3.119900000000000104e-02
8.115090000000000359e-01 3.300800000000000262e-02
8.015200000000000102e-01 3.486199999999999716e-02
7.899629999999999708e-01 3.679099999999999732e-02
7.793280000000000207e-01 3.828000000000000153e-02
7.696020000000000083e-01 3.938599999999999740e-02
7.585960000000000480e-01 4.036200000000000204e-02
7.485779999999999657e-01 4.102299999999999697e-02
7.372220000000000439e-01 4.154999999999999666e-02
7.269440000000000346e-01 4.186999999999999750e-02
7.147639999999999549e-01 4.213100000000000178e-02
7.024939999999999518e-01 4.236100000000000282e-02
6.920490000000000252e-01 4.261899999999999716e-02
6.797309999999999741e-01 4.310900000000000148e-02
6.691099999999999826e-01 4.379000000000000253e-02
6.565250000000000252e-01 4.500200000000000033e-02
6.431099999999999595e-01 4.672099999999999864e-02
6.329329999999999679e-01 4.824099999999999916e-02
6.193670000000000009e-01 5.044599999999999779e-02
6.065199999999999481e-01 5.260999999999999704e-02
5.953340000000000298e-01 5.445900000000000046e-02
5.822899999999999743e-01 5.646799999999999736e-02
5.710690000000000488e-01 5.797999999999999682e-02
5.578619999999999690e-01 5.938899999999999735e-02
5.466360000000000108e-01 6.019599999999999951e-02
5.333020000000000538e-01 6.069399999999999795e-02
5.193489999999999496e-01 6.075500000000000345e-02
5.086730000000000418e-01 6.053399999999999753e-02
4.947630000000000083e-01 5.996599999999999847e-02
4.813160000000000216e-01 5.918500000000000150e-02
4.702009999999999801e-01 5.842300000000000271e-02
4.567519999999999913e-01 5.742400000000000282e-02
4.457220000000000071e-01 5.659499999999999947e-02
4.323159999999999781e-01 5.563599999999999796e-02
4.186920000000000086e-01 5.477100000000000024e-02
4.080619999999999803e-01 5.420400000000000218e-02
3.945810000000000151e-01 5.365899999999999836e-02
3.840459999999999985e-01 5.339599999999999902e-02
3.707289999999999752e-01 5.330200000000000216e-02
3.576920000000000099e-01 5.350499999999999701e-02
3.471910000000000274e-01 5.390500000000000153e-02
3.343470000000000053e-01 5.471100000000000269e-02
3.215120000000000200e-01 5.586499999999999799e-02
3.114029999999999854e-01 5.692500000000000338e-02
2.988179999999999725e-01 5.827399999999999941e-02
2.889129999999999754e-01 5.925099999999999811e-02
2.766089999999999938e-01 6.023400000000000282e-02
2.644980000000000109e-01 6.083500000000000019e-02
2.549379999999999979e-01 6.098599999999999854e-02
2.431419999999999970e-01 6.071599999999999914e-02
2.315859999999999863e-01 5.991400000000000198e-02
2.223100000000000076e-01 5.886199999999999766e-02
2.112219999999999931e-01 5.711100000000000204e-02
2.022440000000000071e-01 5.531900000000000012e-02
1.915530000000000010e-01 5.286699999999999733e-02
1.808299999999999907e-01 5.018700000000000244e-02
1.726300000000000057e-01 4.805600000000000149e-02
1.623370000000000091e-01 4.533700000000000230e-02
1.544959999999999944e-01 4.326399999999999690e-02
1.446570000000000078e-01 4.068399999999999794e-02
1.353449999999999931e-01 3.828199999999999659e-02
1.278330000000000022e-01 3.638000000000000261e-02
1.190179999999999988e-01 3.419099999999999917e-02
1.102280000000000065e-01 3.205600000000000116e-02
1.036090000000000066e-01 3.048000000000000015e-02
9.534399999999999820e-02 2.854399999999999993e-02
8.915399999999999714e-02 2.711799999999999974e-02
8.143499999999999350e-02 2.536100000000000160e-02
7.423100000000000531e-02 2.374000000000000069e-02
6.853199999999999570e-02 2.246499999999999886e-02
6.189900000000000263e-02 2.098600000000000118e-02
5.666600000000000109e-02 1.981700000000000128e-02
5.061700000000000227e-02 1.845799999999999871e-02
4.475599999999999717e-02 1.712400000000000033e-02
4.041100000000000247e-02 1.612099999999999991e-02
3.516600000000000281e-02 1.487800000000000060e-02
3.032800000000000079e-02 1.369399999999999958e-02
2.669300000000000145e-02 1.276500000000000030e-02
2.247100000000000139e-02 1.163400000000000024e-02
1.935699999999999921e-02 1.074600000000000034e-02
1.576100000000000070e-02 9.648000000000000326e-03
1.257899999999999990e-02 8.576000000000000290e-03
1.022099999999999918e-02 7.699000000000000114e-03
7.697999999999999982e-03 6.641000000000000202e-03
5.866999999999999819e-03 5.765000000000000159e-03
4.000000000000000083e-03 4.710999999999999910e-03
2.413999999999999913e-03 3.599000000000000202e-03
1.495000000000000018e-03 2.772999999999999857e-03
6.030000000000000204e-04 1.665000000000000030e-03
1.279999999999999942e-04 6.019999999999999961e-04
-0.000000000000000000e+00 -2.689999999999999791e-04
1.289999999999999914e-04 -1.136999999999999990e-03
6.040000000000000447e-04 -2.190000000000000106e-03
1.495000000000000018e-03 -3.278000000000000098e-03
2.410999999999999949e-03 -4.085000000000000089e-03
3.989000000000000358e-03 -5.165000000000000320e-03
5.845000000000000369e-03 -6.183000000000000128e-03
7.662000000000000408e-03 -7.026000000000000127e-03
1.016700000000000069e-02 -8.037000000000000741e-03
1.250700000000000076e-02 -8.871999999999999678e-03
1.566400000000000084e-02 -9.884999999999999690e-03
1.923199999999999910e-02 -1.091600000000000036e-02
2.232500000000000109e-02 -1.174099999999999970e-02
2.652099999999999944e-02 -1.277900000000000043e-02
3.110900000000000123e-02 -1.383700000000000034e-02
3.495299999999999796e-02 -1.467300000000000028e-02
4.018000000000000044e-02 -1.575800000000000117e-02
4.451299999999999701e-02 -1.661800000000000083e-02
5.036299999999999805e-02 -1.773999999999999883e-02
5.640400000000000275e-02 -1.885799999999999976e-02
6.163099999999999828e-02 -1.980300000000000116e-02
6.826100000000000223e-02 -2.097800000000000012e-02
7.541399999999999493e-02 -2.222899999999999876e-02
8.115899999999999503e-02 -2.322400000000000159e-02
8.887799999999999867e-02 -2.455799999999999997e-02
9.506799999999999973e-02 -2.562899999999999900e-02
1.033319999999999933e-01 -2.706799999999999831e-02
1.116309999999999941e-01 -2.852999999999999980e-02
1.187420000000000003e-01 -2.980000000000000010e-02
1.275580000000000047e-01 -3.140199999999999936e-02
1.350699999999999956e-01 -3.279499999999999776e-02
1.443820000000000103e-01 -3.455899999999999944e-02
1.542209999999999970e-01 -3.647299999999999848e-02
1.620610000000000106e-01 -3.803200000000000330e-02
1.723530000000000062e-01 -4.011800000000000088e-02
1.826180000000000025e-01 -4.222399999999999765e-02
1.912739999999999996e-01 -4.399700000000000139e-02
2.019630000000000036e-01 -4.613300000000000040e-02
2.109389999999999876e-01 -4.782900000000000346e-02
2.221200000000000119e-01 -4.973600000000000243e-02
2.335710000000000008e-01 -5.144200000000000161e-02
2.428530000000000133e-01 -5.265399999999999942e-02
2.546470000000000122e-01 -5.399700000000000333e-02
2.642039999999999944e-01 -5.494899999999999785e-02
2.763120000000000021e-01 -5.602599999999999941e-02
2.886139999999999817e-01 -5.702999999999999736e-02
2.985169999999999768e-01 -5.782700000000000340e-02
3.111010000000000164e-01 -5.889599999999999697e-02
3.237180000000000057e-01 -6.012900000000000189e-02
3.340420000000000056e-01 -6.132499999999999757e-02
3.468829999999999969e-01 -6.308199999999999918e-02
3.573810000000000042e-01 -6.463700000000000001e-02
3.704120000000000190e-01 -6.655400000000000205e-02
3.837189999999999768e-01 -6.830799999999999372e-02
3.942410000000000081e-01 -6.941300000000000248e-02
4.077020000000000088e-01 -7.029000000000000525e-02
4.209959999999999813e-01 -7.037000000000000199e-02
4.318980000000000041e-01 -6.971199999999999619e-02
4.452599999999999891e-01 -6.783899999999999653e-02
4.562470000000000137e-01 -6.535000000000000531e-02
4.696339999999999959e-01 -6.133899999999999769e-02
4.834019999999999984e-01 -5.639600000000000168e-02
4.940599999999999992e-01 -5.219900000000000234e-02
5.078799999999999981e-01 -4.655499999999999916e-02
5.212059999999999471e-01 -4.117200000000000026e-02
5.323320000000000274e-01 -3.694599999999999967e-02
5.455640000000000489e-01 -3.247900000000000093e-02
5.567020000000000302e-01 -2.939399999999999999e-02
5.698039999999999772e-01 -2.670000000000000151e-02
5.834570000000000034e-01 -2.485000000000000056e-02
5.938750000000000417e-01 -2.397900000000000031e-02
6.074509999999999632e-01 -2.339700000000000113e-02
6.203840000000000465e-01 -2.326800000000000049e-02
6.311890000000000001e-01 -2.336099999999999982e-02
6.441249999999999476e-01 -2.357199999999999920e-02
6.569869999999999877e-01 -2.374199999999999922e-02
6.677840000000000442e-01 -2.373799999999999868e-02
6.799929999999999586e-01 -2.348000000000000087e-02
6.906390000000000029e-01 -2.304300000000000098e-02
7.025780000000000358e-01 -2.234600000000000128e-02
7.154690000000000216e-01 -2.138599999999999876e-02
7.268700000000000161e-01 -2.039300000000000140e-02
7.373060000000000169e-01 -1.939499999999999905e-02
7.483880000000000532e-01 -1.826900000000000052e-02
7.585819999999999785e-01 -1.719800000000000148e-02
7.693280000000000118e-01 -1.605499999999999983e-02
7.814780000000000060e-01 -1.477299999999999967e-02
7.918669999999999876e-01 -1.370599999999999943e-02
8.014010000000000300e-01 -1.275599999999999998e-02
8.114160000000000261e-01 -1.177899999999999954e-02
8.206050000000000288e-01 -1.089700000000000044e-02
8.302289999999999948e-01 -9.983999999999999819e-03
8.390440000000000120e-01 -9.159000000000000474e-03
8.482610000000000428e-01 -8.309000000000000413e-03
8.585679999999999978e-01 -7.378000000000000010e-03
8.673469999999999791e-01 -6.604999999999999760e-03
8.752459999999999685e-01 -5.929000000000000242e-03
8.835800000000000320e-01 -5.237000000000000335e-03
8.910219999999999807e-01 -4.643999999999999691e-03
8.988960000000000283e-01 -4.043999999999999852e-03
9.072750000000000536e-01 -3.455999999999999871e-03
9.148220000000000240e-01 -2.968000000000000152e-03
9.210409999999999986e-01 -2.589000000000000155e-03
9.280709999999999793e-01 -2.190000000000000106e-03
9.337910000000000377e-01 -1.887999999999999921e-03
9.405120000000000147e-01 -1.564000000000000069e-03
9.466250000000000497e-01 -1.296999999999999976e-03
9.517160000000000064e-01 -1.098000000000000018e-03
9.571450000000000236e-01 -9.110000000000000259e-04
9.627130000000000409e-01 -7.460000000000000268e-04
9.674779999999999491e-01 -6.279999999999999775e-04
9.714669999999999694e-01 -5.439999999999999957e-04
9.756439999999999557e-01 -4.739999999999999747e-04
9.798200000000000243e-01 -4.189999999999999931e-04
9.833790000000000031e-01 -3.849999999999999798e-04
9.867489999999999872e-01 -3.629999999999999872e-04
9.896770000000000289e-01 -3.519999999999999908e-04
9.922130000000000116e-01 -3.490000000000000263e-04
9.948939999999999451e-01 -3.510000000000000208e-04
9.968939999999999468e-01 -3.570000000000000040e-04
9.985889999999999489e-01 -3.649999999999999816e-04
1.000000000000000000e+00 -3.730000000000000134e-04
1.000000000000000000e+00 -5.599999999999999916e-05
